-0.5,0.74952,-0.5,-0.35714,0.80054,-0.5,-0.21429,0.83258,-0.5,-0.071429,0.84808,-0.5,0.071429,0.84808,-0.5,0.21429,0.83258,-0.5,0.35714,0.80054,-0.5,0.5,0.74952,-0.5,-0.5,0.74952,-0.35714,-0.35714,0.80054,-0.35714,-0.21429,0.83258,-0.35714,-0.071429,0.84808,-0.35714,0.071429,0.84808,-0.35714,0.21429,0.83258,-0.35714,0.35714,0.80054,-0.35714,0.5,0.74952,-0.35714,-0.5,0.74952,-0.21429,-0.35714,0.80054,-0.21429,-0.21429,0.83258,-0.21429,-0.071429,0.84808,-0.21429,0.071429,0.84808,-0.21429,0.21429,0.83258,-0.21429,0.35714,0.80054,-0.21429,0.5,0.74952,-0.21429,-0.5,0.74952,-0.071429,-0.35714,0.80054,-0.071429,-0.21429,0.83258,-0.071429,-0.071429,0.84808,-0.071429,0.071429,0.84808,-0.071429,0.21429,0.83258,-0.071429,0.35714,0.80054,-0.071429,0.5,0.74952,-0.071429,-0.5,0.74952,0.071429,-0.35714,0.80054,0.071429,-0.21429,0.83258,0.071429,-0.071429,0.84808,0.071429,0.071429,0.84808,0.071429,0.21429,0.83258,0.071429,0.35714,0.80054,0.071429,0.5,0.74952,0.071429,-0.5,0.74952,0.21429,-0.35714,0.80054,0.21429,-0.21429,0.83258,0.21429,-0.071429,0.84808,0.21429,0.071429,0.84808,0.21429,0.21429,0.83258,0.21429,0.35714,0.80054,0.21429,0.5,0.74952,0.21429,-0.5,0.74952,0.35714,-0.35714,0.80054,0.35714,-0.21429,0.83258,0.35714,-0.071429,0.84808,0.35714,0.071429,0.84808,0.35714,0.21429,0.83258,0.35714,0.35714,0.80054,0.35714,0.5,0.74952,0.35714,-0.5,0.74952,0.5,-0.35714,0.80054,0.5,-0.21429,0.83258,0.5,-0.071429,0.84808,0.5,0.071429,0.84808,0.5,0.21429,0.83258,0.5,0.35714,0.80054,0.5,0.5,0.74952,0.5
-0.5053,0.74716,-0.54231,-0.35692,0.79114,-0.53908,-0.21579,0.81456,-0.54774,-0.069729,0.83167,-0.54678,0.069729,0.83167,-0.54678,0.21579,0.81456,-0.54774,0.35692,0.79114,-0.53908,0.5053,0.74716,-0.54231,-0.50028,0.74597,-0.39489,-0.35934,0.78185,-0.40577,-0.21062,0.81739,-0.40293,-0.074798,0.83449,-0.40719,0.074798,0.83449,-0.40719,0.21062,0.81739,-0.40293,0.35934,0.78185,-0.40577,0.50028,0.74597,-0.39489,-0.50043,0.74391,-0.25622,-0.35046,0.80154,-0.2553,-0.21898,0.83879,-0.26371,-0.066371,0.85435,-0.26264,0.066371,0.85435,-0.26264,0.21898,0.83879,-0.26371,0.35046,0.80154,-0.2553,0.50043,0.74391,-0.25622,-0.49017,0.75128,-0.10901,-0.36263,0.813,-0.12246,-0.20894,0.84375,-0.11903,-0.07678,0.85872,-0.12319,0.07678,0.85872,-0.12319,0.20894,0.84375,-0.11903,0.36263,0.813,-0.12246,0.49017,0.75128,-0.10901,-0.49939,0.75876,0.029161,-0.34622,0.8248,0.028434,-0.22249,0.86195,0.020603,-0.062414,0.87297,0.02185,0.062414,0.87297,0.02185,0.22249,0.86195,0.020603,0.34622,0.8248,0.028434,0.49939,0.75876,0.029161,-0.49217,0.78114,0.17513,-0.35957,0.82974,0.16166,-0.20973,0.87819,0.16451,-0.07722,0.87252,0.16129,0.07722,0.87252,0.16129,0.20973,0.87819,0.16451,0.35957,0.82974,0.16166,0.49217,0.78114,0.17513,-0.50811,0.79859,0.31195,-0.34461,0.85783,0.31086,-0.22599,0.87912,0.30543,-0.057565,0.88264,0.30642,0.057565,0.88264,0.30642,0.22599,0.87912,0.30543,0.34461,0.85783,0.31086,0.50811,0.79859,0.31195,-0.5,0.83624,0.45485,-0.36501,0.87346,0.44302,-0.20554,0.86838,0.45005,-0.078114,0.90275,0.44432,0.078114,0.90275,0.44432,0.20554,0.86838,0.45005,0.36501,0.87346,0.44302,0.5,0.83624,0.45485
-0.50777,0.74673,-0.57223,-0.35974,0.77749,-0.56615,-0.21451,0.79603,-0.58473,-0.07174,0.80676,-0.58329,0.07174,0.80676,-0.58329,0.21451,0.79603,-0.58473,0.35974,0.77749,-0.56615,0.50777,0.74673,-0.57223,-0.50543,0.74183,-0.42176,-0.35471,0.76471,-0.4396,-0.21435,0.80327,-0.43605,-0.070805,0.82218,-0.4439,0.070805,0.82218,-0.4439,0.21435,0.80327,-0.43605,0.35471,0.76471,-0.4396,0.50543,0.74183,-0.42176,-0.49707,0.74029,-0.28585,-0.34902,0.79904,-0.28552,-0.21787,0.84157,-0.30444,-0.067402,0.85835,-0.30306,0.067402,0.85835,-0.30306,0.21787,0.84157,-0.30444,0.34902,0.79904,-0.28552,0.49707,0.74029,-0.28585,-0.48864,0.76354,-0.137,-0.36161,0.82935,-0.1623,-0.21061,0.86139,-0.15703,-0.075409,0.87348,-0.16373,0.075409,0.87348,-0.16373,0.21061,0.86139,-0.15703,0.36161,0.82935,-0.1623,0.48864,0.76354,-0.137,-0.50297,0.79535,-0.0055174,-0.34516,0.85322,-0.0068218,-0.22309,0.88926,-0.022901,-0.061765,0.90088,-0.021163,0.061765,0.90088,-0.021163,0.22309,0.88926,-0.022901,0.34516,0.85322,-0.0068218,0.50297,0.79535,-0.0055174,-0.49732,0.84361,0.13765,-0.35976,0.87394,0.11819,-0.20851,0.91984,0.1228,-0.077271,0.8976,0.11905,0.077271,0.8976,0.11905,0.20851,0.91984,0.1228,0.35976,0.87394,0.11819,0.49732,0.84361,0.13765,-0.51658,0.87691,0.26793,-0.34352,0.91773,0.27004,-0.22777,0.91915,0.2602,-0.054907,0.91288,0.26299,0.054907,0.91288,0.26299,0.22777,0.91915,0.2602,0.34352,0.91773,0.27004,0.51658,0.87691,0.26793,-0.5,0.92094,0.41227,-0.36197,0.92896,0.39646,-0.20228,0.90664,0.40869,-0.079341,0.9528,0.39754,0.079341,0.9528,0.39754,0.20228,0.90664,0.40869,0.36197,0.92896,0.39646,0.5,0.92094,0.41227
-0.50772,0.74634,-0.59053,-0.3641,0.76373,-0.58492,-0.21152,0.77805,-0.6078,-0.075568,0.78299,-0.60629,0.075568,0.78299,-0.60629,0.21152,0.77805,-0.6078,0.3641,0.76373,-0.58492,0.50772,0.74634,-0.59053,-0.51073,0.73696,-0.43972,-0.34693,0.75746,-0.45946,-0.2205,0.79137,-0.45709,-0.062964,0.81231,-0.46722,0.062964,0.81231,-0.46722,0.2205,0.79137,-0.45709,0.34693,0.75746,-0.45946,0.51073,0.73696,-0.43972,-0.4948,0.7476,-0.30531,-0.35237,0.79883,-0.30613,-0.21366,0.84355,-0.33291,-0.072072,0.8612,-0.33255,0.072072,0.8612,-0.33255,0.21366,0.84355,-0.33291,0.35237,0.79883,-0.30613,0.4948,0.7476,-0.30531,-0.4977,0.79308,-0.16126,-0.35593,0.85065,-0.19077,-0.21653,0.88217,-0.18677,-0.069335,0.89029,-0.19327,0.069335,0.89029,-0.19327,0.21653,0.88217,-0.18677,0.35593,0.85065,-0.19077,0.4977,0.79308,-0.16126,-0.50722,0.84663,-0.037143,-0.35407,0.88922,-0.036936,-0.21886,0.91562,-0.05639,-0.067515,0.92863,-0.055097,0.067515,0.92863,-0.055097,0.21886,0.91562,-0.05639,0.35407,0.88922,-0.036936,0.50722,0.84663,-0.037143,-0.50207,0.895,0.10598,-0.35782,0.92555,0.083746,-0.21053,0.95569,0.089861,-0.073022,0.92297,0.087633,0.073022,0.92297,0.087633,0.21053,0.95569,0.089861,0.35782,0.92555,0.083746,0.50207,0.895,0.10598,-0.51693,0.94121,0.23244,-0.35154,0.97144,0.23617,-0.22288,0.9544,0.22509,-0.062304,0.93743,0.23009,0.062304,0.93743,0.23009,0.22288,0.9544,0.22509,0.35154,0.97144,0.23617,0.51693,0.94121,0.23244,-0.5,1.0029,0.37338,-0.35771,0.96531,0.36329,-0.20486,0.94426,0.37663,-0.075883,0.99482,0.36171,0.075883,0.99482,0.36171,0.20486,0.94426,0.37663,0.35771,0.96531,0.36329,0.5,1.0029,0.37338
-0.50816,0.74444,-0.59667,-0.36736,0.75194,-0.59507,-0.20958,0.7598,-0.61211,-0.077888,0.76301,-0.61162,0.077888,0.76301,-0.61162,0.20958,0.7598,-0.61211,0.36736,0.75194,-0.59507,0.50816,0.74444,-0.59667,-0.51412,0.73725,-0.44844,-0.34349,0.76324,-0.46398,-0.22378,0.78349,-0.46567,-0.058052,0.80547,-0.47621,0.058052,0.80547,-0.47621,0.22378,0.78349,-0.46567,0.34349,0.76324,-0.46398,0.51412,0.73725,-0.44844,-0.49724,0.77602,-0.31651,-0.35972,0.81053,-0.31904,-0.20878,0.8491,-0.34461,-0.077307,0.86497,-0.34636,0.077307,0.86497,-0.34636,0.20878,0.8491,-0.34461,0.35972,0.81053,-0.31904,0.49724,0.77602,-0.31651,-0.506,0.82987,-0.17855,-0.35182,0.8796,-0.20507,-0.22126,0.90446,-0.20729,-0.064142,0.90827,-0.21095,0.064142,0.90827,-0.21095,0.22126,0.90446,-0.20729,0.35182,0.8796,-0.20507,0.506,0.82987,-0.17855,-0.50128,0.88865,-0.053308,-0.36489,0.93282,-0.062435,-0.21068,0.94543,-0.075961,-0.076173,0.96085,-0.077776,0.076173,0.96085,-0.077776,0.21068,0.94543,-0.075961,0.36489,0.93282,-0.062435,0.50128,0.88865,-0.053308,-0.50986,0.95416,0.079593,-0.35261,0.97751,0.0621,-0.21548,0.99779,0.063812,-0.066662,0.95856,0.065245,0.066662,0.95856,0.065245,0.21548,0.99779,0.063812,0.35261,0.97751,0.0621,0.50986,0.95416,0.079593,-0.50848,1.0119,0.20478,-0.36049,1.026,0.20772,-0.21253,0.9892,0.20259,-0.073983,0.97728,0.20725,0.073983,0.97728,0.20725,0.21253,0.9892,0.20259,0.36049,1.026,0.20772,0.50848,1.0119,0.20478,-0.5,1.0813,0.33921,-0.35345,1.0241,0.34155,-0.21419,0.99054,0.35119,-0.070143,1.0223,0.34293,0.070143,1.0223,0.34293,0.21419,0.99054,0.35119,0.35345,1.0241,0.34155,0.5,1.0813,0.33921
-0.50895,0.74242,-0.59517,-0.36764,0.74658,-0.59352,-0.20972,0.7473,-0.60428,-0.077718,0.7483,-0.60338,0.077718,0.7483,-0.60338,0.20972,0.7473,-0.60428,0.36764,0.74658,-0.59352,0.50895,0.74242,-0.59517,-0.516,0.75116,-0.44787,-0.34585,0.77699,-0.46322,-0.22396,0.78426,-0.46421,-0.058414,0.80333,-0.47527,0.058414,0.80333,-0.47527,0.22396,0.78426,-0.46421,0.34585,0.77699,-0.46322,0.516,0.75116,-0.44787,-0.50138,0.81117,-0.32293,-0.3624,0.83145,-0.32265,-0.20829,0.86356,-0.34732,-0.078035,0.87571,-0.34929,0.078035,0.87571,-0.34929,0.20829,0.86356,-0.34732,0.3624,0.83145,-0.32265,0.50138,0.81117,-0.32293,-0.50945,0.87032,-0.18777,-0.35314,0.91359,-0.21525,-0.22159,0.93116,-0.21942,-0.064093,0.92926,-0.22033,0.064093,0.92926,-0.22033,0.22159,0.93116,-0.21942,0.35314,0.91359,-0.21525,0.50945,0.87032,-0.18777,-0.50017,0.93867,-0.066856,-0.3673,0.97972,-0.080059,-0.20815,0.97609,-0.085605,-0.078144,0.99519,-0.090435,0.078144,0.99519,-0.090435,0.20815,0.97609,-0.085605,0.3673,0.97972,-0.080059,0.50017,0.93867,-0.066856,-0.51231,1.0106,0.061613,-0.35232,1.0286,0.04483,-0.21644,1.0406,0.045508,-0.065746,1.001,0.050029,0.065746,1.001,0.050029,0.21644,1.0406,0.045508,0.35232,1.0286,0.04483,0.51231,1.0106,0.061613,-0.5056,1.0825,0.18081,-0.36081,1.0811,0.18693,-0.20923,1.0467,0.18726,-0.075762,1.0291,0.19296,0.075762,1.0291,0.19296,0.20923,1.0467,0.18726,0.36081,1.0811,0.18693,0.5056,1.0825,0.18081,-0.5,1.1554,0.31067,-0.35358,1.0985,0.32128,-0.21685,1.0615,0.33096,-0.069237,1.0485,0.33146,0.069237,1.0485,0.33146,0.21685,1.0615,0.33096,0.35358,1.0985,0.32128,0.5,1.1554,0.31067
-0.50954,0.7432,-0.5877,-0.36678,0.7484,-0.58529,-0.21053,0.74693,-0.59207,-0.076755,0.74586,-0.59118,0.076755,0.74586,-0.59118,0.21053,0.74693,-0.59207,0.36678,0.7484,-0.58529,0.50954,0.7432,-0.5877,-0.51709,0.778,-0.44447,-0.34911,0.79546,-0.46002,-0.22309,0.79542,-0.45619,-0.060465,0.80905,-0.46619,0.060465,0.80905,-0.46619,0.22309,0.79542,-0.45619,0.34911,0.79546,-0.46002,0.51709,0.778,-0.44447,-0.50687,0.8467,-0.32414,-0.3626,0.86267,-0.32471,-0.21136,0.88451,-0.34581,-0.075452,0.89265,-0.34773,0.075452,0.89265,-0.34773,0.21136,0.88451,-0.34581,0.3626,0.86267,-0.32471,0.50687,0.8467,-0.32414,-0.51085,0.91133,-0.19137,-0.35299,0.94491,-0.21829,-0.22093,0.96467,-0.22591,-0.064468,0.9548,-0.22196,0.064468,0.9548,-0.22196,0.22093,0.96467,-0.22591,0.35299,0.94491,-0.21829,0.51085,0.91133,-0.19137,-0.50256,0.98691,-0.075276,-0.36525,1.028,-0.092051,-0.21092,1.0099,-0.090871,-0.075867,1.0308,-0.098058,0.075867,1.0308,-0.098058,0.21092,1.0099,-0.090871,0.36525,1.028,-0.092051,0.50256,0.98691,-0.075276,-0.51203,1.0757,0.043057,-0.35284,1.0825,0.030425,-0.21426,1.0884,0.032327,-0.066964,1.0446,0.042696,0.066964,1.0446,0.042696,0.21426,1.0884,0.032327,0.35284,1.0825,0.030425,0.51203,1.0757,0.043057,-0.50652,1.1452,0.16294,-0.35862,1.1439,0.16909,-0.21234,1.1035,0.17428,-0.073871,1.094,0.17947,0.073871,1.094,0.17947,0.21234,1.1035,0.17428,0.35862,1.1439,0.16909,0.50652,1.1452,0.16294,-0.5,1.2247,0.28851,-0.35383,1.1729,0.30097,-0.21436,1.1401,0.31374,-0.0702,1.1159,0.3182,0.0702,1.1159,0.3182,0.21436,1.1401,0.31374,0.35383,1.1729,0.30097,0.5,1.2247,0.28851
-0.50981,0.75211,-0.57588,-0.36534,0.76182,-0.57347,-0.21145,0.75741,-0.58012,-0.075513,0.75546,-0.5773,0.075513,0.75546,-0.5773,0.21145,0.75741,-0.58012,0.36534,0.76182,-0.57347,0.50981,0.75211,-0.57588,-0.51759,0.80934,-0.43965,-0.35281,0.81844,-0.45342,-0.2219,0.81907,-0.44799,-0.063079,0.82489,-0.45439,0.063079,0.82489,-0.45439,0.2219,0.81907,-0.44799,0.35281,0.81844,-0.45342,0.51759,0.80934,-0.43965,-0.50892,0.88181,-0.32239,-0.36172,0.89669,-0.32254,-0.21311,0.91298,-0.34394,-0.073762,0.91611,-0.34272,0.073762,0.91611,-0.34272,0.21311,0.91298,-0.34394,0.36172,0.89669,-0.32254,0.50892,0.88181,-0.32239,-0.51108,0.95807,-0.19545,-0.35564,0.98097,-0.21959,-0.21786,1.0004,-0.22703,-0.067321,0.98244,-0.21783,0.067321,0.98244,-0.21783,0.21786,1.0004,-0.22703,0.35564,0.98097,-0.21959,0.51108,0.95807,-0.19545,-0.50481,1.0375,-0.082845,-0.363,1.0761,-0.10002,-0.21342,1.0508,-0.095052,-0.07378,1.0687,-0.10183,0.07378,1.0687,-0.10183,0.21342,1.0508,-0.095052,0.363,1.0761,-0.10002,0.50481,1.0375,-0.082845,-0.50841,1.1299,0.033363,-0.35592,1.137,0.018004,-0.21078,1.1359,0.02536,-0.070666,1.094,0.038288,0.070666,1.094,0.038288,0.21078,1.1359,0.02536,0.35592,1.137,0.018004,0.50841,1.1299,0.033363,-0.51095,1.2065,0.14903,-0.35583,1.2033,0.15546,-0.216,1.1692,0.1619,-0.069953,1.1571,0.16835,0.069953,1.1571,0.16835,0.216,1.1692,0.1619,0.35583,1.2033,0.15546,0.51095,1.2065,0.14903,-0.5,1.2885,0.27332,-0.35585,1.2426,0.28304,-0.21122,1.2173,0.29952,-0.072165,1.1869,0.30662,0.072165,1.1869,0.30662,0.21122,1.2173,0.29952,0.35585,1.2426,0.28304,0.5,1.2885,0.27332
-0.50906,0.7703,-0.55953,-0.3647,0.78921,-0.56073,-0.21166,0.77798,-0.566,-0.075148,0.77471,-0.56134,0.075148,0.77471,-0.56134,0.21166,0.77798,-0.566,0.3647,0.78921,-0.56073,0.50906,0.7703,-0.55953,-0.5177,0.84244,-0.42973,-0.35394,0.84937,-0.44411,-0.22156,0.85076,-0.43724,-0.063846,0.85275,-0.44155,0.063846,0.85275,-0.44155,0.22156,0.85076,-0.43724,0.35394,0.84937,-0.44411,0.5177,0.84244,-0.42973,-0.50941,0.92116,-0.31748,-0.36102,0.93511,-0.31605,-0.21369,0.94903,-0.34031,-0.073135,0.94865,-0.33614,0.073135,0.94865,-0.33614,0.21369,0.94903,-0.34031,0.36102,0.93511,-0.31605,0.50941,0.92116,-0.31748,-0.50981,1.0048,-0.19427,-0.35712,1.0257,-0.22065,-0.21525,1.0408,-0.22393,-0.069076,1.0169,-0.21028,0.069076,1.0169,-0.21028,0.21525,1.0408,-0.22393,0.35712,1.0257,-0.22065,0.50981,1.0048,-0.19427,-0.50409,1.0824,-0.080987,-0.36169,1.1258,-0.10315,-0.2151,1.0973,-0.09692,-0.072602,1.1092,-0.10109,0.072602,1.1092,-0.10109,0.2151,1.0973,-0.09692,0.36169,1.1258,-0.10315,0.50409,1.0824,-0.080987,-0.50522,1.186,0.027652,-0.3569,1.1916,0.01047,-0.20784,1.1864,0.022625,-0.07298,1.1443,0.038526,0.07298,1.1443,0.038526,0.20784,1.1864,0.022625,0.3569,1.1916,0.01047,0.50522,1.186,0.027652,-0.51313,1.262,0.14214,-0.35357,1.2657,0.1455,-0.21857,1.2329,0.15264,-0.067268,1.2202,0.15965,0.067268,1.2202,0.15965,0.21857,1.2329,0.15264,0.35357,1.2657,0.1455,0.51313,1.262,0.14214,-0.5,1.3462,0.26551,-0.35649,1.3044,0.27193,-0.20825,1.2867,0.29031,-0.073488,1.2494,0.30013,0.073488,1.2494,0.30013,0.20825,1.2867,0.29031,0.35649,1.3044,0.27193,0.5,1.3462,0.26551
-0.50548,0.79582,-0.54326,-0.36486,0.82663,-0.54905,-0.21073,0.80467,-0.55143,-0.076169,0.80177,-0.54543,0.076169,0.80177,-0.54543,0.21073,0.80467,-0.55143,0.36486,0.82663,-0.54905,0.50548,0.79582,-0.54326,-0.51851,0.87817,-0.41863,-0.35146,0.88563,-0.43387,-0.22311,0.89003,-0.42765,-0.061703,0.89164,-0.43229,0.061703,0.89164,-0.43229,0.22311,0.89003,-0.42765,0.35146,0.88563,-0.43387,0.51851,0.87817,-0.41863,-0.50758,0.96161,-0.31112,-0.36182,0.97847,-0.30881,-0.21211,0.99041,-0.33667,-0.074502,0.98591,-0.32781,0.074502,0.98591,-0.32781,0.21211,0.99041,-0.33667,0.36182,0.97847,-0.30881,0.50758,0.96161,-0.31112,-0.5078,1.0492,-0.18954,-0.35672,1.0716,-0.21858,-0.21388,1.0839,-0.21857,-0.069522,1.0573,-0.20182,0.069522,1.0573,-0.20182,0.21388,1.0839,-0.21857,0.35672,1.0716,-0.21858,0.5078,1.0492,-0.18954,-0.50305,1.1334,-0.082256,-0.36365,1.1755,-0.10258,-0.21314,1.1528,-0.10142,-0.074204,1.1535,-0.098578,0.074204,1.1535,-0.098578,0.21314,1.1528,-0.10142,0.36365,1.1755,-0.10258,0.50305,1.1334,-0.082256,-0.50157,1.2287,0.033408,-0.35729,1.2426,0.0079445,-0.20638,1.2372,0.023691,-0.074129,1.197,0.039984,0.074129,1.197,0.039984,0.20638,1.2372,0.023691,0.35729,1.2426,0.0079445,0.50157,1.2287,0.033408,-0.51426,1.3085,0.14385,-0.3544,1.3216,0.1421,-0.21886,1.295,0.14595,-0.066916,1.2807,0.15354,0.066916,1.2807,0.15354,0.21886,1.295,0.14595,0.3544,1.3216,0.1421,0.51426,1.3085,0.14385,-0.5,1.3972,0.26526,-0.35473,1.3628,0.26544,-0.20636,1.346,0.28723,-0.073659,1.3022,0.29694,0.073659,1.3022,0.29694,0.20636,1.346,0.28723,0.35473,1.3628,0.26544,0.5,1.3972,0.26526
-0.50114,0.82915,-0.52873,-0.3652,0.87144,-0.53833,-0.20964,0.84185,-0.53847,-0.077373,0.83852,-0.52971,0.077373,0.83852,-0.52971,0.20964,0.84185,-0.53847,0.3652,0.87144,-0.53833,0.50114,0.82915,-0.52873,-0.51913,0.91871,-0.40711,-0.34831,0.92653,-0.42488,-0.22475,0.93361,-0.41833,-0.059151,0.93522,-0.42471,0.059151,0.93522,-0.42471,0.22475,0.93361,-0.41833,0.34831,0.92653,-0.42488,0.51913,0.91871,-0.40711,-0.50648,1.0039,-0.30295,-0.36202,1.0265,-0.30175,-0.2116,1.036,-0.33067,-0.074871,1.0299,-0.31857,0.074871,1.0299,-0.31857,0.2116,1.036,-0.33067,0.36202,1.0265,-0.30175,0.50648,1.0039,-0.30295,-0.50764,1.0946,-0.18173,-0.3554,1.1167,-0.21362,-0.21449,1.1305,-0.21248,-0.068579,1.1031,-0.19548,0.068579,1.1031,-0.19548,0.21449,1.1305,-0.21248,0.3554,1.1167,-0.21362,0.50764,1.0946,-0.18173,-0.50357,1.1797,-0.077127,-0.36348,1.2234,-0.096191,-0.21341,1.2045,-0.099507,-0.073732,1.2031,-0.093732,0.073732,1.2031,-0.093732,0.21341,1.2045,-0.099507,0.36348,1.2234,-0.096191,0.50357,1.1797,-0.077127,-0.50019,1.2767,0.039034,-0.35774,1.2933,0.0084111,-0.20614,1.2897,0.02578,-0.074506,1.25,0.041972,0.074506,1.25,0.041972,0.20614,1.2897,0.02578,0.35774,1.2933,0.0084112,0.50019,1.2767,0.039034,-0.51532,1.3564,0.14726,-0.35387,1.3746,0.14477,-0.22059,1.3496,0.14617,-0.065512,1.3398,0.15293,0.065512,1.3398,0.15293,0.22059,1.3496,0.14617,0.35387,1.3746,0.14477,0.51532,1.3564,0.14726,-0.5,1.4412,0.27261,-0.35437,1.4185,0.26322,-0.20619,1.3958,0.2899,-0.074341,1.3524,0.29583,0.074341,1.3524,0.29583,0.20619,1.3958,0.2899,0.35437,1.4185,0.26322,0.5,1.4412,0.27261
-0.49666,0.86868,-0.51694,-0.36527,0.9211,-0.52953,-0.20852,0.8879,-0.52944,-0.078171,0.88174,-0.51443,0.078171,0.88174,-0.51443,0.20852,0.8879,-0.52944,0.36527,0.9211,-0.52953,0.49666,0.86868,-0.51694,-0.51924,0.96229,-0.39681,-0.34608,0.97227,-0.41715,-0.22584,0.9827,-0.41159,-0.057443,0.98171,-0.41727,0.057443,0.98171,-0.41727,0.22584,0.9827,-0.41159,0.34608,0.97227,-0.41715,0.51924,0.96229,-0.39681,-0.50525,1.0481,-0.29478,-0.36259,1.0776,-0.29562,-0.21104,1.0838,-0.32252,-0.075229,1.0774,-0.3079,0.075229,1.0774,-0.3079,0.21104,1.0838,-0.32252,0.36259,1.0776,-0.29562,0.50525,1.0481,-0.29478,-0.50884,1.1411,-0.17379,-0.35518,1.1611,-0.20523,-0.21582,1.178,-0.20427,-0.067973,1.1536,-0.19051,0.067973,1.1536,-0.19051,0.21582,1.178,-0.20427,0.35518,1.1611,-0.20523,0.50884,1.1411,-0.17379,-0.50647,1.2258,-0.070532,-0.36315,1.2666,-0.083741,-0.21431,1.255,-0.093321,-0.072848,1.2573,-0.088025,0.072848,1.2573,-0.088025,0.21431,1.255,-0.093321,0.36315,1.2666,-0.083741,0.50647,1.2258,-0.070532,-0.50032,1.3187,0.05037,-0.35997,1.3389,0.015721,-0.20731,1.3414,0.031129,-0.074899,1.3057,0.043691,0.074899,1.3057,0.043691,0.20731,1.3414,0.031129,0.35997,1.3389,0.015721,0.50032,1.3187,0.05037,-0.51604,1.3887,0.16358,-0.35372,1.4171,0.15655,-0.22243,1.398,0.15338,-0.063926,1.3967,0.15776,0.063926,1.3967,0.15776,0.22243,1.398,0.15338,0.35372,1.4171,0.15655,0.51604,1.3887,0.16358,-0.5,1.4777,0.28734,-0.35516,1.4664,0.26984,-0.20647,1.4391,0.29886,-0.075107,1.3973,0.29805,0.075107,1.3973,0.29805,0.20647,1.4391,0.29886,0.35516,1.4664,0.26984,0.5,1.4777,0.28734
-0.49355,0.91315,-0.50703,-0.3654,0.97089,-0.52321,-0.20757,0.93821,-0.52183,-0.078607,0.93042,-0.50192,0.078607,0.93042,-0.50192,0.20757,0.93821,-0.52183,0.3654,0.97089,-0.52321,0.49355,0.91315,-0.50703,-0.51871,1.0089,-0.38893,-0.34479,1.024,-0.41157,-0.22651,1.0366,-0.40821,-0.056502,1.0331,-0.41211,0.056502,1.0331,-0.41211,0.22651,1.0366,-0.40821,0.34479,1.024,-0.41157,0.51871,1.0089,-0.38893,-0.50416,1.0945,-0.28648,-0.36374,1.1282,-0.28963,-0.21018,1.1324,-0.31211,-0.075936,1.1255,-0.29639,0.075936,1.1255,-0.29639,0.21018,1.1324,-0.31211,0.36374,1.1282,-0.28963,0.50416,1.0945,-0.28648,-0.51191,1.1905,-0.16803,-0.35479,1.2058,-0.19401,-0.21792,1.2239,-0.19315,-0.066796,1.2041,-0.18426,0.066796,1.2041,-0.18426,0.21792,1.2239,-0.19315,0.35479,1.2058,-0.19401,0.51191,1.1905,-0.16803,-0.50891,1.2664,-0.057512,-0.36275,1.3013,-0.064733,-0.2145,1.2983,-0.079102,-0.072573,1.3086,-0.078521,0.072573,1.3086,-0.078521,0.2145,1.2983,-0.079103,0.36275,1.3013,-0.064733,0.50891,1.2664,-0.057512,-0.50395,1.3577,0.064757,-0.36062,1.3784,0.031161,-0.21083,1.3923,0.038547,-0.073405,1.3633,0.047546,0.073405,1.3633,0.047546,0.21083,1.3923,0.038547,0.36062,1.3784,0.031161,0.50395,1.3577,0.064757,-0.51554,1.4228,0.18162,-0.35557,1.4566,0.17179,-0.22165,1.4427,0.16522,-0.064921,1.4518,0.16711,0.064921,1.4518,0.16711,0.22165,1.4427,0.16522,0.35557,1.4566,0.17179,0.51554,1.4228,0.18162,-0.5,1.5064,0.30907,-0.35558,1.5092,0.28353,-0.20813,1.4782,0.3118,-0.074631,1.4392,0.3041,0.074631,1.4392,0.3041,0.20813,1.4782,0.3118,0.35558,1.5092,0.28353,0.5,1.5064,0.30907
-0.49083,0.96243,-0.49677,-0.36561,1.0244,-0.51661,-0.20697,0.99359,-0.51358,-0.078882,0.98371,-0.49134,0.078882,0.98371,-0.49134,0.20697,0.99359,-0.51358,0.36561,1.0244,-0.51661,0.49083,0.96243,-0.49677,-0.51779,1.0592,-0.38026,-0.34387,1.0795,-0.40502,-0.22682,1.092,-0.40274,-0.055905,1.0882,-0.4059,0.055905,1.0882,-0.4059,0.22682,1.092,-0.40274,0.34387,1.0795,-0.40502,0.51779,1.0592,-0.38026,-0.50342,1.1444,-0.27686,-0.36457,1.1808,-0.28192,-0.20962,1.1844,-0.30054,-0.076429,1.1754,-0.28468,0.076429,1.1754,-0.28468,0.20962,1.1844,-0.30054,0.36457,1.1808,-0.28192,0.50342,1.1444,-0.27686,-0.51353,1.2359,-0.15551,-0.35316,1.2495,-0.1787,-0.21964,1.2686,-0.17885,-0.065177,1.2519,-0.17287,0.065177,1.2519,-0.17287,0.21964,1.2686,-0.17885,0.35316,1.2495,-0.1787,0.51353,1.2359,-0.15551,-0.50927,1.3074,-0.042094,-0.36145,1.3342,-0.043057,-0.21446,1.3458,-0.064337,-0.072584,1.3508,-0.060361,0.072584,1.3508,-0.060361,0.21446,1.3458,-0.064337,0.36145,1.3342,-0.043057,0.50927,1.3074,-0.042093,-0.50467,1.377,0.093523,-0.35806,1.4055,0.058628,-0.21514,1.4326,0.055813,-0.070818,1.4201,0.056317,0.070818,1.4201,0.056318,0.21514,1.4326,0.055813,0.35806,1.4055,0.058629,0.50467,1.377,0.093523,-0.51275,1.4509,0.206,-0.35712,1.4887,0.19546,-0.22036,1.4937,0.17961,-0.06646,1.5024,0.18156,0.06646,1.5024,0.18156,0.22036,1.4937,0.17961,0.35712,1.4887,0.19546,0.51275,1.4509,0.206,-0.5,1.527,0.33722,-0.356,1.5432,0.30747,-0.20685,1.5184,0.3269,-0.073881,1.4714,0.31442,0.073881,1.4714,0.31442,0.20685,1.5184,0.3269,0.356,1.5432,0.30747,0.5,1.527,0.33722
-0.49287,1.0171,-0.48331,-0.36516,1.0745,-0.50907,-0.20817,1.0542,-0.50389,-0.077478,1.0417,-0.48513,0.077479,1.0417,-0.48513,0.20817,1.0542,-0.50389,0.36516,1.0745,-0.50907,0.49287,1.0171,-0.48331,-0.51561,1.1131,-0.3711,-0.34784,1.143,-0.39602,-0.22509,1.1508,-0.3953,-0.058927,1.1474,-0.39544,0.058927,1.1474,-0.39544,0.22509,1.1508,-0.3953,0.34784,1.143,-0.39602,0.51561,1.1131,-0.3711,-0.50489,1.1977,-0.26243,-0.36495,1.2267,-0.2683,-0.20967,1.2344,-0.28256,-0.076501,1.2248,-0.27126,0.076501,1.2248,-0.27126,0.20967,1.2344,-0.28256,0.36495,1.2267,-0.2683,0.50489,1.1977,-0.26243,-0.51438,1.2792,-0.13872,-0.35295,1.2947,-0.15531,-0.22034,1.313,-0.16047,-0.064807,1.2997,-0.15441,0.064807,1.2997,-0.15441,0.22034,1.313,-0.16047,0.35295,1.2947,-0.15531,0.51438,1.2792,-0.13872,-0.50574,1.3417,-0.016145,-0.36193,1.3608,-0.017225,-0.2114,1.3848,-0.03963,-0.075358,1.3887,-0.037944,0.075358,1.3887,-0.037945,0.2114,1.3848,-0.03963,0.36193,1.3608,-0.017225,0.50574,1.3417,-0.016145,-0.50616,1.4049,0.11885,-0.35693,1.4405,0.088547,-0.21676,1.4618,0.083637,-0.068992,1.4682,0.075995,0.068992,1.4682,0.075994,0.21676,1.4618,0.083638,0.35693,1.4405,0.088547,0.50616,1.4049,0.11885,-0.50445,1.4691,0.24079,-0.35849,1.5036,0.22827,-0.21569,1.5361,0.20297,-0.07217,1.5435,0.20187,0.07217,1.5435,0.20187,0.21569,1.5361,0.20297,0.35849,1.5036,0.22827,0.50445,1.4691,0.24079,-0.5,1.5394,0.37106,-0.35124,1.5625,0.3466,-0.20411,1.555,0.34947,-0.071059,1.4918,0.33232,0.071059,1.4918,0.33232,0.20411,1.555,0.34947,0.35124,1.5625,0.3466,0.5,1.5394,0.37106
-0.49375,1.0741,-0.47019,-0.36495,1.132,-0.49882,-0.20984,1.1169,-0.49221,-0.076331,1.1062,-0.47936,0.076331,1.1062,-0.47936,0.20984,1.1169,-0.49221,0.36495,1.132,-0.49882,0.49375,1.0741,-0.47019,-0.51429,1.1681,-0.35879,-0.35082,1.2022,-0.38199,-0.22343,1.2073,-0.38206,-0.061363,1.2051,-0.38218,0.061363,1.2051,-0.38218,0.22343,1.2073,-0.38207,0.35082,1.2022,-0.38199,0.51429,1.1681,-0.35879,-0.50737,1.2504,-0.24561,-0.36429,1.2718,-0.25001,-0.21104,1.2844,-0.26146,-0.075508,1.2769,-0.25449,0.075509,1.2769,-0.25449,0.21104,1.2844,-0.26146,0.36429,1.2718,-0.25001,0.50737,1.2504,-0.24561,-0.51525,1.3175,-0.11576,-0.35304,1.3342,-0.12927,-0.22119,1.3508,-0.13549,-0.064362,1.3468,-0.13464,0.064362,1.3468,-0.13464,0.22119,1.3508,-0.13549,0.35304,1.3342,-0.12927,0.51525,1.3175,-0.11576,-0.50523,1.3708,0.013105,-0.36209,1.3964,0.0065296,-0.21181,1.4211,-0.010671,-0.074994,1.4251,-0.010665,0.074994,1.4251,-0.010665,0.21181,1.4211,-0.010672,0.36209,1.3964,0.0065297,0.50523,1.3708,0.013105,-0.50898,1.4296,0.1471,-0.3555,1.4649,0.12427,-0.21767,1.4786,0.11988,-0.06717,1.4944,0.10967,0.067169,1.4944,0.10968,0.21767,1.4786,0.11988,0.3555,1.4649,0.12427,0.50898,1.4296,0.1471,-0.5025,1.4889,0.27385,-0.35843,1.5174,0.26456,-0.21349,1.5586,0.23925,-0.074223,1.5646,0.2384,0.074223,1.5646,0.2384,0.21349,1.5586,0.23925,0.35843,1.5174,0.26456,0.50249,1.4889,0.27385,-0.5,1.5434,0.40968,-0.3519,1.5795,0.38623,-0.20654,1.5731,0.38359,-0.070024,1.5137,0.36873,0.070022,1.5137,0.36873,0.20654,1.5731,0.38359,0.3519,1.5795,0.38623,0.5,1.5434,0.40968
-0.49192,1.1323,-0.45743,-0.36504,1.1968,-0.48371,-0.21009,1.1812,-0.47996,-0.076223,1.171,-0.46895,0.076224,1.171,-0.46895,0.21009,1.1812,-0.47996,0.36504,1.1968,-0.48371,0.49192,1.1323,-0.45743,-0.51495,1.2237,-0.34246,-0.3509,1.2556,-0.36285,-0.22309,1.2618,-0.36132,-0.061588,1.257,-0.36063,0.061588,1.257,-0.36064,0.22309,1.2618,-0.36132,0.3509,1.2556,-0.36285,0.51495,1.2237,-0.34246,-0.50849,1.2961,-0.224,-0.36344,1.3165,-0.22447,-0.21239,1.3319,-0.23759,-0.074535,1.3306,-0.23358,0.074536,1.3306,-0.23358,0.21239,1.3319,-0.23759,0.36344,1.3165,-0.22447,0.50849,1.2961,-0.224,-0.51462,1.3544,-0.088808,-0.35421,1.3724,-0.1028,-0.21991,1.3855,-0.10436,-0.065351,1.3964,-0.11171,0.065351,1.3964,-0.11171,0.21991,1.3855,-0.10436,0.3542,1.3724,-0.1028,0.51462,1.3544,-0.088806,-0.50786,1.4016,0.041458,-0.36186,1.4285,0.03765,-0.21289,1.4423,0.026022,-0.073355,1.4545,0.023279,0.073354,1.4545,0.02328,0.21289,1.4423,0.026023,0.36186,1.4285,0.03765,0.50787,1.4016,0.041458,-0.50851,1.4478,0.18139,-0.35595,1.4805,0.16116,-0.21555,1.4901,0.16145,-0.068246,1.5133,0.14875,0.068246,1.5133,0.14875,0.21555,1.4901,0.16145,0.35595,1.4805,0.16116,0.50851,1.4478,0.18139,-0.50219,1.4852,0.31477,-0.35789,1.5291,0.3048,-0.2158,1.5637,0.28373,-0.071839,1.5725,0.28334,0.071839,1.5725,0.28334,0.21579,1.5637,0.28373,0.35789,1.5291,0.3048,0.50219,1.4852,0.31477,-0.5,1.539,0.45206,-0.3523,1.57,0.43215,-0.20669,1.5838,0.42752,-0.071225,1.5273,0.41555,0.071222,1.5273,0.41555,0.20669,1.5838,0.42752,0.3523,1.57,0.43215,0.5,1.539,0.45206
-0.49108,1.1919,-0.44199,-0.36487,1.2598,-0.46325,-0.20925,1.2476,-0.46391,-0.076391,1.2316,-0.45078,0.076391,1.2316,-0.45078,0.20925,1.2476,-0.46391,0.36487,1.2598,-0.46325,0.49107,1.1919,-0.44199,-0.51571,1.2768,-0.32167,-0.35029,1.3072,-0.33798,-0.2233,1.3154,-0.33624,-0.061235,1.3084,-0.33447,0.061235,1.3084,-0.33447,0.2233,1.3154,-0.33624,0.35029,1.3071,-0.33798,0.51572,1.2768,-0.32167,-0.50767,1.3368,-0.19691,-0.36386,1.36,-0.19592,-0.212,1.3755,-0.20871,-0.074943,1.3762,-0.20537,0.074943,1.3762,-0.20537,0.212,1.3755,-0.20871,0.36386,1.36,-0.19592,0.50766,1.3368,-0.19691,-0.51409,1.3868,-0.058191,-0.35496,1.4085,-0.071616,-0.21922,1.4178,-0.070154,-0.06591,1.4322,-0.077553,0.065909,1.4322,-0.077552,0.21922,1.4178,-0.070155,0.35496,1.4085,-0.071614,0.51409,1.3868,-0.058191,-0.50821,1.4242,0.074971,-0.36198,1.4466,0.075286,-0.21261,1.4629,0.063465,-0.07368,1.4747,0.062105,0.073679,1.4747,0.062108,0.21261,1.4629,0.063465,0.36198,1.4466,0.075287,0.50821,1.4242,0.07497,-0.50743,1.4564,0.21926,-0.35647,1.4914,0.20114,-0.21413,1.4977,0.2042,-0.069079,1.5261,0.19197,0.069078,1.5261,0.19197,0.21413,1.4977,0.2042,0.35647,1.4914,0.20114,0.50743,1.4564,0.21926,-0.50579,1.492,0.35336,-0.35712,1.522,0.35027,-0.21594,1.56,0.33149,-0.07157,1.5679,0.33194,0.071568,1.5679,0.33195,0.21594,1.56,0.33149,0.35712,1.522,0.35027,0.50579,1.492,0.35337,-0.5,1.5263,0.49708,-0.35355,1.5619,0.47746,-0.20836,1.5813,0.47605,-0.071361,1.5306,0.46745,0.071358,1.5306,0.46745,0.20836,1.5813,0.47605,0.35354,1.5619,0.47746,0.5,1.5263,0.49708
-0.49069,1.251,-0.42099,-0.36537,1.3216,-0.43547,-0.20889,1.3099,-0.4386,-0.076783,1.2925,-0.42651,0.076783,1.2925,-0.42651,0.20889,1.3098,-0.4386,0.36537,1.3216,-0.43547,0.49069,1.251,-0.42099,-0.51657,1.3257,-0.29354,-0.34909,1.354,-0.30628,-0.22389,1.3653,-0.30459,-0.060407,1.359,-0.30391,0.060407,1.359,-0.30391,0.22389,1.3653,-0.30459,0.34909,1.354,-0.30628,0.51657,1.3257,-0.29354,-0.50672,1.3735,-0.16407,-0.36484,1.4014,-0.16173,-0.21147,1.4134,-0.17257,-0.075509,1.4127,-0.16855,0.075509,1.4127,-0.16855,0.21147,1.4134,-0.17257,0.36484,1.4014,-0.16173,0.50672,1.3735,-0.16407,-0.51425,1.4123,-0.02139,-0.35446,1.4338,-0.033223,-0.21927,1.4431,-0.030325,-0.065645,1.4599,-0.037081,0.065645,1.4599,-0.037085,0.21927,1.4431,-0.03032,0.35446,1.4338,-0.033226,0.51425,1.4123,-0.021388,-0.50778,1.4385,0.11406,-0.363,1.4657,0.11581,-0.21238,1.4762,0.1063,-0.073976,1.4874,0.10616,0.073978,1.4874,0.10616,0.21238,1.4762,0.1063,0.363,1.4657,0.11582,0.50778,1.4385,0.11406,-0.50849,1.46,0.26055,-0.35525,1.4886,0.24636,-0.21393,1.4976,0.25015,-0.068766,1.5299,0.23937,0.068765,1.5299,0.23937,0.21393,1.4976,0.25015,0.35525,1.4886,0.24635,0.50849,1.46,0.26056,-0.50505,1.4778,0.39803,-0.35868,1.519,0.39596,-0.21599,1.5493,0.38143,-0.071351,1.5559,0.38312,0.07135,1.5559,0.38312,0.21599,1.5493,0.38143,0.35868,1.519,0.39596,0.50504,1.4778,0.39803,-0.5,1.5053,0.54355,-0.35354,1.5412,0.52648,-0.21026,1.5716,0.52576,-0.071471,1.5288,0.5209,0.071465,1.5289,0.5209,0.21027,1.5716,0.52576,0.35355,1.5412,0.52648,0.5,1.5053,0.54355
-0.49106,1.3074,-0.3939,-0.36574,1.3794,-0.40032,-0.20946,1.3649,-0.40467,-0.076752,1.3511,-0.39494,0.07674,1.3511,-0.39495,0.20945,1.3649,-0.40467,0.36573,1.3794,-0.40032,0.49104,1.3074,-0.3939,-0.51675,1.3677,-0.25863,-0.34927,1.3967,-0.26882,-0.22395,1.4089,-0.26676,-0.060489,1.4053,-0.26801,0.06048,1.4053,-0.268,0.22394,1.4089,-0.26677,0.34926,1.3967,-0.26881,0.51674,1.3677,-0.25864,-0.50503,1.4004,-0.12493,-0.36561,1.4364,-0.12137,-0.21099,1.4422,-0.12989,-0.075891,1.4405,-0.12531,0.075883,1.4405,-0.12532,0.21098,1.4422,-0.1299,0.3656,1.4364,-0.12138,0.50502,1.4004,-0.12494,-0.51381,1.4271,0.02085,-0.35456,1.4506,0.0097733,-0.21955,1.4667,0.012908,-0.065873,1.4788,0.0074917,0.065867,1.4788,0.0074972,0.21954,1.4667,0.012899,0.35455,1.4506,0.0097768,0.5138,1.4271,0.020839,-0.50732,1.4406,0.15784,-0.36175,1.4685,0.16177,-0.21263,1.4851,0.15263,-0.073474,1.4988,0.15335,0.07347,1.4988,0.15335,0.21263,1.4851,0.15262,0.36175,1.4685,0.16176,0.50731,1.4406,0.15783,-0.50894,1.4575,0.30509,-0.35539,1.4838,0.29285,-0.21384,1.4926,0.29746,-0.068847,1.5255,0.28912,0.068844,1.5255,0.28912,0.21384,1.4926,0.29745,0.35539,1.4839,0.29285,0.50894,1.4574,0.30508,-0.50807,1.4734,0.442,-0.3569,1.4997,0.44531,-0.21634,1.5338,0.43283,-0.07058,1.5431,0.43546,0.070575,1.5431,0.43547,0.21632,1.5338,0.43284,0.35689,1.4997,0.44531,0.50805,1.4734,0.442,-0.5,1.4763,0.59024,-0.35346,1.5109,0.57674,-0.21216,1.5522,0.57714,-0.071858,1.5197,0.57228,0.071849,1.5199,0.57232,0.21218,1.5522,0.57713,0.35346,1.5109,0.57675,0.5,1.4763,0.59024
-0.49234,1.359,-0.36037,-0.36555,1.428,-0.36029,-0.20917,1.4198,-0.36655,-0.076729,1.4015,-0.35781,0.07672,1.4016,-0.35781,0.20917,1.4197,-0.36655,0.36555,1.4281,-0.3603,0.49229,1.359,-0.36036,-0.51689,1.4048,-0.22018,-0.34964,1.4354,-0.2269,-0.2241,1.4442,-0.22389,-0.06054,1.4444,-0.22565,0.060519,1.4444,-0.22565,0.22408,1.4442,-0.2239,0.34962,1.4354,-0.22687,0.51688,1.4048,-0.22019,-0.50354,1.4222,-0.083144,-0.36638,1.4613,-0.077453,-0.21007,1.4618,-0.084219,-0.076627,1.4663,-0.081127,0.076617,1.4663,-0.081119,0.21006,1.4618,-0.08422,0.36637,1.4613,-0.077459,0.50351,1.4221,-0.083139,-0.51401,1.4359,0.063802,-0.35443,1.4619,0.055766,-0.21994,1.4781,0.059743,-0.065605,1.4891,0.055949,0.065583,1.4891,0.055958,0.21991,1.478,0.059739,0.35441,1.462,0.055787,0.51399,1.4359,0.063794,-0.50555,1.4349,0.20212,-0.3629,1.468,0.20759,-0.21175,1.4836,0.20049,-0.07443,1.4958,0.20221,0.074421,1.4958,0.20221,0.21173,1.4836,0.2005,0.36289,1.468,0.20758,0.50553,1.4349,0.20212,-0.50852,1.4387,0.35009,-0.3555,1.4727,0.3406,-0.21471,1.4804,0.34553,-0.068487,1.5125,0.34038,0.06845,1.5124,0.3404,0.2147,1.4805,0.34552,0.35548,1.4727,0.34063,0.50849,1.4387,0.35009,-0.50526,1.4404,0.48846,-0.35873,1.4784,0.49268,-0.21527,1.5105,0.4838,-0.071677,1.5147,0.48702,0.071646,1.5147,0.48702,0.21521,1.5103,0.48385,0.35873,1.4785,0.49267,0.50525,1.4404,0.48848,-0.5,1.4395,0.63592,-0.35179,1.4718,0.62579,-0.21466,1.5231,0.62842,-0.07135,1.509,0.6261,0.071274,1.5104,0.62614,0.21468,1.5233,0.62842,0.35181,1.4719,0.62582,0.5,1.4395,0.63592
-0.4951,1.4051,-0.32232,-0.36479,1.4663,-0.31382,-0.2088,1.4675,-0.32269,-0.076499,1.444,-0.31564,0.076531,1.4439,-0.3156,0.20879,1.4677,-0.32277,0.36477,1.4663,-0.31377,0.49508,1.4051,-0.32236,-0.51683,1.4316,-0.17664,-0.35008,1.4611,-0.1817,-0.22389,1.4719,-0.17676,-0.06097,1.4732,-0.17868,0.060978,1.4731,-0.1787,0.2239,1.4719,-0.1767,0.3501,1.4611,-0.18175,0.51683,1.4315,-0.17663,-0.50286,1.4328,-0.0391,-0.36547,1.4734,-0.029356,-0.21009,1.4741,-0.037199,-0.076134,1.4857,-0.033955,0.076167,1.4859,-0.033935,0.2101,1.4739,-0.037264,0.36548,1.4734,-0.029315,0.50284,1.4328,-0.039137,-0.51116,1.4298,0.10896,-0.3554,1.4671,0.10252,-0.21895,1.48,0.10874,-0.06648,1.4931,0.10585,0.066515,1.4933,0.10581,0.21896,1.4799,0.1088,0.35543,1.4672,0.10247,0.51114,1.4297,0.10897,-0.50493,1.4234,0.24644,-0.36238,1.4617,0.25547,-0.21278,1.4788,0.24841,-0.073644,1.4877,0.25123,0.073687,1.488,0.25125,0.21279,1.4786,0.24834,0.36241,1.4618,0.2555,0.50494,1.4234,0.24641,-0.50564,1.416,0.39452,-0.35709,1.458,0.38744,-0.21349,1.4643,0.39401,-0.069899,1.4951,0.39126,0.069952,1.4952,0.39124,0.21348,1.4641,0.39405,0.3571,1.458,0.38737,0.50568,1.4162,0.39454,-0.50888,1.4163,0.53264,-0.35666,1.4414,0.53985,-0.21576,1.4713,0.53381,-0.070086,1.4857,0.53652,0.070069,1.4852,0.53653,0.21582,1.4714,0.53374,0.35668,1.4413,0.53987,0.50891,1.4163,0.53258,-0.5,1.3952,0.67937,-0.35541,1.4375,0.67202,-0.21292,1.4758,0.67982,-0.072016,1.4961,0.67628,0.072184,1.4974,0.67609,0.21286,1.4755,0.67988,0.35548,1.4377,0.67196,0.5,1.3952,0.67937
-0.49855,1.4442,-0.27832,-0.36376,1.4912,-0.26683,-0.20814,1.5047,-0.27348,-0.07661,1.4774,-0.27009,0.076633,1.4771,-0.27002,0.20809,1.5048,-0.27354,0.3637,1.4912,-0.26681,0.49845,1.4442,-0.27837,-0.51632,1.4489,-0.13192,-0.34949,1.4791,-0.13244,-0.22419,1.4942,-0.12727,-0.060768,1.4933,-0.12787,0.06073,1.4932,-0.12789,0.22417,1.4942,-0.12725,0.34948,1.4793,-0.13247,0.51627,1.4489,-0.13195,-0.50151,1.4364,0.0064244,-0.36617,1.4763,0.017625,-0.20883,1.4813,0.01103,-0.077205,1.494,0.014366,0.077228,1.4943,0.014405,0.2088,1.481,0.010952,0.36615,1.4764,0.017648,0.50144,1.4363,0.0063636,-0.5095,1.4195,0.15216,-0.35495,1.465,0.15204,-0.2192,1.4741,0.15744,-0.066011,1.4905,0.15736,0.065984,1.4903,0.15733,0.21918,1.474,0.15744,0.35494,1.4651,0.15201,0.50943,1.4193,0.15211,-0.50334,1.4105,0.291,-0.365,1.446,0.30109,-0.21028,1.461,0.29582,-0.07618,1.4686,0.29808,0.076176,1.4683,0.2981,0.21032,1.4613,0.2958,0.36502,1.4461,0.30111,0.50334,1.4106,0.29094,-0.50603,1.3867,0.43601,-0.35485,1.427,0.43447,-0.21357,1.4341,0.44037,-0.068837,1.47,0.44139,0.068812,1.4699,0.44137,0.2136,1.4342,0.4404,0.35489,1.4272,0.43446,0.50604,1.3868,0.43599,-0.50398,1.369,0.57476,-0.36048,1.4047,0.58314,-0.21168,1.4276,0.57947,-0.073516,1.4475,0.58215,0.073488,1.4472,0.58214,0.2117,1.4276,0.57941,0.36052,1.4047,0.58316,0.50396,1.3688,0.5747,-0.5,1.3439,0.71945,-0.35219,1.3857,0.71675,-0.21246,1.4224,0.72626,-0.070376,1.4554,0.72521,0.070397,1.4554,0.72515,0.21249,1.4224,0.72627,0.35217,1.3857,0.7167,0.5,1.3439,0.71945
-0.49966,1.4722,-0.23109,-0.36315,1.5073,-0.21517,-0.20767,1.5327,-0.22006,-0.077279,1.5034,-0.21959,0.077246,1.503,-0.21953,0.20757,1.5326,-0.22017,0.36309,1.5076,-0.21504,0.49948,1.4721,-0.23115,-0.51701,1.4567,-0.084654,-0.3479,1.4859,-0.083915,-0.22505,1.4985,-0.076672,-0.059414,1.5045,-0.077198,0.05936,1.5044,-0.077046,0.22501,1.4985,-0.076778,0.34785,1.4856,-0.083794,0.51695,1.4563,-0.084795,-0.49946,1.4309,0.051006,-0.36686,1.4743,0.067305,-0.20834,1.4846,0.060791,-0.077993,1.4931,0.065171,0.077948,1.4934,0.065281,0.20824,1.4843,0.060641,0.36679,1.4746,0.067403,0.49921,1.4307,0.050936,-0.51088,1.4063,0.19644,-0.35342,1.4476,0.19763,-0.2199,1.4594,0.20581,-0.065008,1.4775,0.20658,0.064955,1.4774,0.2067,0.21991,1.4599,0.2058,0.35341,1.4478,0.1978,0.51073,1.4059,0.1963,-0.50281,1.3829,0.33263,-0.36444,1.4183,0.34666,-0.21097,1.4421,0.34325,-0.076095,1.4434,0.34562,0.075991,1.4431,0.34562,0.21086,1.442,0.34313,0.36447,1.4192,0.34688,0.50249,1.3826,0.33253,-0.50714,1.3553,0.4777,-0.35448,1.3924,0.4771,-0.21392,1.3989,0.48464,-0.0684,1.4354,0.48806,0.068376,1.4356,0.48817,0.21396,1.3993,0.48469,0.35454,1.393,0.47735,0.50709,1.3555,0.47764,-0.50464,1.3238,0.61237,-0.35983,1.3566,0.62491,-0.21259,1.3845,0.62264,-0.073194,1.4013,0.62724,0.073052,1.4011,0.62717,0.21249,1.3845,0.62264,0.35962,1.356,0.6248,0.50455,1.3237,0.61233,-0.5,1.2859,0.75509,-0.35077,1.3211,0.7531,-0.21098,1.3568,0.76753,-0.070564,1.3957,0.76966,0.070591,1.396,0.76974,0.21066,1.3557,0.76732,0.35105,1.3223,0.75355,0.5,1.2859,0.75509
-0.50105,1.4881,-0.18247,-0.36261,1.5145,-0.16591,-0.20851,1.5476,-0.16605,-0.077264,1.5201,-0.16885,0.077102,1.52,-0.16883,0.20843,1.547,-0.16634,0.36273,1.5149,-0.16582,0.50101,1.4878,-0.18259,-0.51687,1.4571,-0.038569,-0.34802,1.4856,-0.035872,-0.22448,1.4947,-0.02836,-0.05954,1.5083,-0.027012,0.059578,1.5086,-0.02714,0.2245,1.4949,-0.028311,0.348,1.4857,-0.036069,0.51685,1.4571,-0.038502,-0.50033,1.4197,0.09443,-0.366,1.4598,0.11348,-0.20915,1.4773,0.10909,-0.077431,1.4821,0.11362,0.077406,1.4822,0.11365,0.20908,1.4766,0.10896,0.36604,1.46,0.11347,0.5001,1.4189,0.094204,-0.51159,1.3889,0.23864,-0.35317,1.4254,0.24214,-0.21976,1.4399,0.2512,-0.065066,1.4577,0.25363,0.065133,1.4578,0.25347,0.21987,1.4405,0.25143,0.35321,1.4256,0.24194,0.51156,1.3887,0.23862,-0.50372,1.3569,0.37317,-0.36446,1.3872,0.38899,-0.21036,1.4069,0.38591,-0.076067,1.4146,0.39031,0.076118,1.4148,0.39035,0.2103,1.4059,0.38569,0.36458,1.3876,0.38902,0.50359,1.3562,0.37293,-0.50555,1.3098,0.51321,-0.35469,1.3511,0.5172,-0.21318,1.3565,0.52443,-0.0688,1.3931,0.53111,0.068862,1.3927,0.53081,0.21333,1.3565,0.52455,0.35473,1.3509,0.51685,0.50558,1.3097,0.51324,-0.50454,1.2702,0.64586,-0.35777,1.2938,0.65813,-0.21154,1.3254,0.6599,-0.07293,1.3482,0.6673,0.073014,1.3483,0.66741,0.21158,1.3251,0.65983,0.35867,1.298,0.65957,0.50428,1.2693,0.64553,-0.5,1.2219,0.78536,-0.35262,1.2641,0.78819,-0.21101,1.2912,0.80295,-0.07061,1.3286,0.80829,0.070698,1.3287,0.80823,0.21053,1.2892,0.80251,0.35247,1.2632,0.78804,0.5,1.2219,0.78536
-0.50156,1.4929,-0.1352,-0.36172,1.5118,-0.11835,-0.20931,1.5523,-0.11307,-0.077194,1.5286,-0.11789,0.076977,1.5285,-0.11803,0.20894,1.5526,-0.11274,0.3614,1.5125,-0.1183,0.50105,1.4926,-0.13535,-0.51665,1.4503,0.0061664,-0.34844,1.4798,0.010096,-0.22414,1.4848,0.018605,-0.059971,1.5023,0.021221,0.059556,1.5004,0.02132,0.22391,1.4853,0.018216,0.34821,1.4796,0.010606,0.51652,1.4507,0.0058828,-0.50218,1.4042,0.13589,-0.36531,1.4393,0.15723,-0.21011,1.4587,0.1546,-0.076758,1.4633,0.15967,0.076555,1.4635,0.15968,0.20995,1.46,0.15505,0.36507,1.44,0.15739,0.50136,1.4029,0.13532,-0.51272,1.3653,0.27872,-0.35351,1.3971,0.28244,-0.21967,1.409,0.29314,-0.065449,1.4281,0.29666,0.065028,1.427,0.29696,0.21936,1.4089,0.2924,0.35311,1.3954,0.2825,0.51283,1.366,0.27839,-0.50467,1.3158,0.40742,-0.36384,1.3453,0.42618,-0.21165,1.3673,0.42533,-0.075331,1.3729,0.42974,0.075107,1.3726,0.4297,0.21148,1.368,0.42553,0.36361,1.346,0.42642,0.50419,1.3159,0.4071,-0.50785,1.2688,0.54835,-0.35508,1.3009,0.55051,-0.21306,1.3041,0.55881,-0.069286,1.3411,0.56783,0.068863,1.3416,0.56864,0.21309,1.3067,0.55913,0.35505,1.3,0.55088,0.50737,1.2659,0.54668,-0.50724,1.2174,0.67623,-0.35827,1.2369,0.68957,-0.21313,1.2652,0.69211,-0.07211,1.2845,0.70045,0.071999,1.2855,0.70084,0.21364,1.2698,0.69379,0.35738,1.2352,0.68892,0.50622,1.215,0.67544,-0.5,1.1524,0.80945,-0.35407,1.197,0.81586,-0.21248,1.2289,0.83486,-0.071611,1.2607,0.84003,0.070593,1.2568,0.84026,0.21121,1.224,0.83312,0.35362,1.1953,0.81576,0.5,1.1524,0.80945
-0.50145,1.4878,-0.089336,-0.36049,1.4998,-0.073984,-0.20975,1.5448,-0.063808,-0.077154,1.5261,-0.068787,0.076809,1.5273,-0.068228,0.20955,1.5439,-0.06419,0.36103,1.5014,-0.073304,0.50169,1.4874,-0.089805,-0.51649,1.435,0.047548,-0.34856,1.4632,0.055486,-0.22392,1.4705,0.063273,-0.059931,1.4843,0.067543,0.060043,1.4836,0.066072,0.22406,1.4704,0.063683,0.34867,1.4642,0.054405,0.51659,1.4354,0.048145,-0.50287,1.3842,0.17646,-0.36531,1.4141,0.19811,-0.20991,1.4341,0.19748,-0.076743,1.4355,0.20158,0.076895,1.436,0.20192,0.20999,1.4332,0.19723,0.3653,1.4121,0.19739,0.5034,1.3845,0.17623,-0.51257,1.3311,0.31362,-0.35338,1.3614,0.32126,-0.21929,1.3729,0.33072,-0.065214,1.3915,0.33726,0.065401,1.3913,0.33592,0.21961,1.3731,0.33142,0.3534,1.3606,0.31946,0.51242,1.3288,0.31317,-0.50432,1.2745,0.44019,-0.36391,1.3013,0.45982,-0.21033,1.3171,0.45816,-0.075327,1.3272,0.46483,0.075891,1.3288,0.46582,0.21052,1.3162,0.45789,0.36413,1.3,0.45927,0.50432,1.2722,0.43895,-0.50641,1.2088,0.57207,-0.35423,1.2436,0.58062,-0.21255,1.2467,0.58712,-0.068889,1.2841,0.60111,0.068779,1.2828,0.59955,0.21332,1.2485,0.58864,0.35455,1.2434,0.57906,0.5065,1.2072,0.57187,-0.50545,1.1484,0.69687,-0.35679,1.1637,0.70942,-0.21193,1.1979,0.71787,-0.072315,1.2177,0.72775,0.072959,1.2194,0.72921,0.21262,1.2,0.71876,0.35969,1.1768,0.7163,0.5049,1.1468,0.69586,-0.5,1.0781,0.82672,-0.35468,1.1259,0.83856,-0.21336,1.1535,0.85747,-0.071082,1.1798,0.86538,0.070557,1.1781,0.86452,0.2111,1.1437,0.85465,0.35353,1.1209,0.83661,0.5,1.0781,0.82672
-0.50179,1.4744,-0.047277,-0.35971,1.4802,-0.032745,-0.21037,1.5274,-0.019476,-0.07694,1.5138,-0.022533,0.076424,1.5165,-0.021378,0.20997,1.5273,-0.018896,0.35997,1.4827,-0.032162,0.50174,1.4742,-0.047441,-0.51668,1.4136,0.086553,-0.34961,1.441,0.095743,-0.22402,1.4498,0.10542,-0.060912,1.4598,0.10846,0.060319,1.4586,0.10733,0.22338,1.4485,0.10488,0.34887,1.4395,0.094423,0.51635,1.4144,0.086991,-0.50459,1.3568,0.21273,-0.36531,1.3817,0.23484,-0.21066,1.401,0.23566,-0.076451,1.3984,0.23819,0.07626,1.4019,0.23967,0.2104,1.4008,0.23575,0.36473,1.3792,0.23349,0.50472,1.3574,0.21285,-0.5129,1.289,0.34353,-0.35378,1.3172,0.3518,-0.21952,1.3298,0.36396,-0.065802,1.3478,0.37076,0.065359,1.3473,0.37008,0.21853,1.3254,0.36145,0.35329,1.3164,0.35089,0.51258,1.2884,0.3433,-0.50476,1.2212,0.46435,-0.364,1.2501,0.48752,-0.21146,1.267,0.48815,-0.074744,1.2713,0.49253,0.075334,1.2774,0.4962,0.21134,1.2679,0.48838,0.36339,1.2473,0.48618,0.50353,1.2173,0.46188,-0.50875,1.156,0.59684,-0.35476,1.1804,0.60143,-0.21285,1.1833,0.60912,-0.069452,1.22,0.62522,0.068595,1.2224,0.62652,0.21368,1.1927,0.61435,0.3553,1.1852,0.60398,0.50656,1.1483,0.59262,-0.50776,1.0859,0.71633,-0.35785,1.0978,0.7287,-0.2128,1.1268,0.73661,-0.072428,1.1462,0.74868,0.071938,1.1476,0.74991,0.21301,1.1317,0.73985,0.35796,1.1028,0.73174,0.50347,1.0721,0.70831,-0.5,0.99949,0.83671,-0.35582,1.0488,0.85359,-0.21508,1.0801,0.87547,-0.072305,1.101,0.88324,0.069657,1.0929,0.88042,0.21075,1.0632,0.86935,0.35146,1.033,0.84533,0.5,0.99949,0.83671
-0.50164,1.4535,-0.0090707,-0.35903,1.4558,0.0051102,-0.21022,1.5027,0.020707,-0.07636,1.4913,0.018699,0.076526,1.4974,0.021676,0.21061,1.503,0.02245,0.35995,1.459,0.0054419,0.50221,1.453,-0.0090326,-0.51645,1.3854,0.12156,-0.34988,1.4118,0.13141,-0.22352,1.4195,0.14264,-0.061085,1.4284,0.14468,0.060995,1.4275,0.14478,0.22334,1.4184,0.14084,0.34948,1.4084,0.13039,0.51678,1.3871,0.12186,-0.50473,1.319,0.24254,-0.36491,1.342,0.26634,-0.21071,1.3606,0.26781,-0.076025,1.3592,0.27144,0.076153,1.358,0.27037,0.21094,1.3608,0.26899,0.36462,1.3389,0.26406,0.50547,1.3199,0.24323,-0.51293,1.2447,0.37019,-0.35411,1.2714,0.37891,-0.2192,1.282,0.39243,-0.065969,1.2987,0.39875,0.065798,1.2971,0.39859,0.21871,1.2782,0.38863,0.35366,1.2661,0.37679,0.51245,1.2398,0.36657,-0.50648,1.1726,0.48809,-0.36349,1.192,0.50862,-0.21162,1.2103,0.51092,-0.074293,1.2132,0.51544,0.075272,1.2194,0.51947,0.2115,1.2089,0.51085,0.36347,1.1913,0.50783,0.50514,1.1664,0.48453,-0.50738,1.086,0.60789,-0.35449,1.115,0.61673,-0.21233,1.1161,0.62483,-0.069787,1.1545,0.64424,0.06838,1.1533,0.64486,0.21476,1.1321,0.63427,0.3549,1.1153,0.61843,0.507,1.0832,0.60596,-0.50648,1.0062,0.72066,-0.35687,1.0206,0.7365,-0.21323,1.0536,0.7489,-0.07243,1.0716,0.76293,0.071558,1.0718,0.76327,0.21213,1.0516,0.74959,0.35785,1.0291,0.74236,0.50461,1.002,0.7186,-0.5,0.91744,0.83918,-0.35494,0.9622,0.85641,-0.21573,0.99586,0.88433,-0.072685,1.0133,0.89133,0.069499,1.0065,0.88929,0.21123,0.98214,0.87718,0.35419,0.95812,0.85661,0.5,0.91744,0.83918
-0.50242,1.4269,0.026305,-0.36003,1.4262,0.039122,-0.21002,1.4689,0.056053,-0.076399,1.4602,0.054909,0.07637,1.4726,0.062774,0.21011,1.4737,0.06058,0.35944,1.4301,0.039612,0.50139,1.4251,0.024857,-0.5175,1.3529,0.15366,-0.34955,1.3741,0.16215,-0.22434,1.3838,0.17532,-0.061256,1.3909,0.17677,0.060127,1.3895,0.17721,0.22303,1.3807,0.172,0.34859,1.3717,0.16165,0.51664,1.3526,0.15187,-0.50528,1.2751,0.26775,-0.36538,1.2956,0.29207,-0.21074,1.3126,0.29486,-0.076438,1.3147,0.30023,0.075953,1.311,0.2975,0.21047,1.3146,0.29637,0.36443,1.2935,0.2899,0.50477,1.2747,0.2669,-0.51389,1.1934,0.39073,-0.35442,1.2203,0.40164,-0.21998,1.2263,0.41316,-0.06583,1.2419,0.42006,0.064963,1.2411,0.4208,0.21908,1.2252,0.41058,0.35287,1.2128,0.39758,0.51276,1.189,0.38618,-0.50734,1.1128,0.50294,-0.36305,1.1241,0.51948,-0.21196,1.1481,0.52853,-0.074625,1.1486,0.53143,0.07508,1.1535,0.53491,0.2119,1.1503,0.52998,0.3631,1.1278,0.5217,0.5055,1.1075,0.49874,-0.50918,1.0207,0.61846,-0.35471,1.0462,0.62726,-0.21356,1.0456,0.63417,-0.069179,1.0803,0.65455,0.067843,1.082,0.65718,0.21541,1.062,0.64508,0.35402,1.0439,0.62693,0.50732,1.0141,0.61214,-0.5073,0.93437,0.72623,-0.35864,0.94717,0.743,-0.21268,0.97387,0.75399,-0.072842,0.99017,0.7686,0.072211,0.99256,0.76993,0.21151,0.97303,0.7543,0.35746,0.94771,0.74268,0.50466,0.92787,0.72196,-0.5,0.83263,0.83403,-0.35633,0.88084,0.859,-0.21602,0.909,0.88519,-0.072048,0.92322,0.89202,0.069621,0.91702,0.8899,0.21302,0.89976,0.87937,0.35383,0.87251,0.85468,0.5,0.83263,0.83403
-0.50203,1.3952,0.05751,-0.36022,1.3905,0.068367,-0.20888,1.4301,0.086347,-0.075879,1.4228,0.085459,0.077148,1.4385,0.097976,0.2101,1.4374,0.092975,0.36016,1.3946,0.069726,0.50152,1.3916,0.05428,-0.5181,1.3146,0.18063,-0.34824,1.3301,0.18764,-0.22446,1.3392,0.20028,-0.060156,1.3469,0.20405,0.059718,1.3456,0.20277,0.22391,1.3364,0.19821,0.34816,1.3303,0.18683,0.51749,1.3115,0.17767,-0.50452,1.2263,0.28708,-0.36505,1.2456,0.31352,-0.2098,1.2602,0.31551,-0.076023,1.2647,0.32303,0.076683,1.2599,0.31962,0.21081,1.264,0.31824,0.36475,1.2407,0.30939,0.50472,1.2239,0.28435,-0.51353,1.1366,0.40412,-0.35373,1.1633,0.41822,-0.21973,1.167,0.42759,-0.065162,1.1832,0.4377,0.064908,1.1816,0.43606,0.21999,1.1684,0.42816,0.35301,1.1573,0.4128,0.51308,1.1317,0.39968,-0.50686,1.0498,0.51188,-0.36247,1.0586,0.52836,-0.21116,1.0818,0.53876,-0.074012,1.0826,0.54201,0.075851,1.0882,0.54708,0.21232,1.0842,0.54026,0.3624,1.056,0.52622,0.50517,1.0402,0.50311,-0.50738,0.94415,0.61522,-0.35437,0.97454,0.63183,-0.21304,0.97284,0.63666,-0.068929,1.0062,0.66087,0.068115,1.007,0.66151,0.21576,0.98756,0.64944,0.35525,0.976,0.63254,0.50771,0.94354,0.61489,-0.50535,0.84985,0.71622,-0.35713,0.86361,0.73612,-0.21192,0.89195,0.75141,-0.072155,0.90841,0.76776,0.072763,0.90932,0.76889,0.21208,0.8909,0.75092,0.35849,0.86867,0.74041,0.50448,0.84683,0.71358,-0.5,0.74584,0.82142,-0.35533,0.78923,0.84713,-0.21571,0.81737,0.87663,-0.071696,0.83002,0.88482,0.070097,0.82691,0.88259,0.2132,0.80852,0.87101,0.35517,0.78794,0.84631,0.5,0.74584,0.82142
-0.50187,1.359,0.084186,-0.36046,1.349,0.092135,-0.20837,1.3867,0.11109,-0.07572,1.3781,0.10943,0.076709,1.3991,0.12741,0.20901,1.3944,0.11852,0.3601,1.3547,0.094794,0.50113,1.3531,0.079074,-0.51855,1.271,0.20253,-0.34756,1.2822,0.20705,-0.22454,1.2899,0.22061,-0.059644,1.299,0.22587,0.059508,1.2978,0.22537,0.22436,1.2894,0.21969,0.34771,1.2834,0.2076,0.51779,1.2664,0.19785,-0.5046,1.174,0.30084,-0.36552,1.1917,0.32946,-0.20961,1.2029,0.32939,-0.076494,1.2101,0.34003,0.076539,1.2061,0.33667,0.21029,1.2079,0.33344,0.36423,1.1835,0.32205,0.50439,1.1707,0.29728,-0.51352,1.075,0.41071,-0.35344,1.1008,0.42577,-0.22007,1.106,0.43883,-0.06489,1.119,0.44695,0.064915,1.1177,0.44651,0.22035,1.1067,0.43833,0.35308,1.0963,0.4223,0.51273,1.0694,0.40473,-0.50617,0.97728,0.50796,-0.363,0.98964,0.5302,-0.2116,1.0121,0.54207,-0.074558,1.0119,0.54467,0.075428,1.0164,0.5495,0.21162,1.0115,0.54096,0.36237,0.98651,0.52762,0.50533,0.97365,0.50425,-0.50782,0.87016,0.61005,-0.35461,0.89916,0.62704,-0.21342,0.89684,0.63327,-0.068803,0.92763,0.65783,0.068226,0.92815,0.65941,0.21655,0.9139,0.64923,0.35519,0.89947,0.62817,0.50694,0.8663,0.60593,-0.50713,0.77226,0.70722,-0.35837,0.7833,0.72669,-0.21272,0.80817,0.74143,-0.072518,0.8224,0.75768,0.072213,0.82264,0.75819,0.21287,0.81085,0.74398,0.3576,0.78347,0.72684,0.50496,0.76734,0.70235,-0.5,0.65785,0.80168,-0.35586,0.70092,0.8311,-0.21516,0.7238,0.86081,-0.071522,0.73808,0.87032,0.070365,0.73487,0.8687,0.2137,0.71925,0.85733,0.35456,0.69684,0.82794,0.5,0.65785,0.80168
-0.50144,1.3182,0.10629,-0.36019,1.303,0.11029,-0.20808,1.3396,0.13069,-0.07537,1.3299,0.12834,0.076514,1.3524,0.14913,0.20872,1.3464,0.13847,0.36027,1.3099,0.11405,0.50148,1.3106,0.098974,-0.51854,1.2209,0.21725,-0.34744,1.2304,0.22166,-0.22418,1.2369,0.23501,-0.05948,1.2465,0.24199,0.059849,1.246,0.24123,0.22459,1.238,0.23543,0.3478,1.2319,0.2213,0.51789,1.2158,0.212,-0.50404,1.1159,0.30709,-0.36525,1.1331,0.3389,-0.20949,1.1434,0.33798,-0.076168,1.15,0.34968,0.076662,1.149,0.34836,0.21059,1.1485,0.34324,0.36395,1.1235,0.32881,0.50481,1.1143,0.30498,-0.51272,1.0092,0.40958,-0.35316,1.0345,0.42725,-0.21985,1.042,0.44361,-0.064831,1.0527,0.45112,0.065368,1.0516,0.44988,0.22041,1.0408,0.44116,0.35368,1.0326,0.42483,0.51248,1.0044,0.40428,-0.50578,0.9068,0.50194,-0.36309,0.92061,0.52874,-0.21136,0.93846,0.53674,-0.074034,0.93931,0.54131,0.075544,0.94397,0.54669,0.21226,0.94051,0.53912,0.36198,0.91418,0.52153,0.50562,0.90409,0.4987,-0.50632,0.79131,0.59459,-0.35468,0.82241,0.6175,-0.21297,0.81955,0.62318,-0.068956,0.84893,0.64984,0.068587,0.84669,0.64823,0.21677,0.83513,0.63968,0.3541,0.81685,0.61092,0.50751,0.79078,0.59415,-0.50625,0.68607,0.68385,-0.3569,0.69707,0.70524,-0.21289,0.7235,0.72468,-0.071659,0.73655,0.74137,0.072125,0.73691,0.74279,0.21358,0.7253,0.72685,0.35901,0.70429,0.71447,0.50466,0.68309,0.6804,-0.5,0.56946,0.77533,-0.35473,0.60705,0.8028,-0.21422,0.62854,0.83615,-0.071707,0.64604,0.84923,0.070647,0.64234,0.84709,0.21258,0.62308,0.83057,0.35544,0.60733,0.80448,0.5,0.56946,0.77533
-0.50166,1.2722,0.12336,-0.3604,1.2537,0.12436,-0.20794,1.2877,0.1447,-0.075112,1.2777,0.14193,0.075942,1.3017,0.16599,0.20801,1.2937,0.15263,0.36002,1.2607,0.1278,0.50154,1.2635,0.11431,-0.51885,1.1642,0.22493,-0.34808,1.1749,0.23011,-0.22459,1.1809,0.2449,-0.060135,1.1889,0.25122,0.05964,1.1891,0.25131,0.22399,1.1812,0.24448,0.34744,1.1756,0.22926,0.51733,1.1606,0.22016,-0.50404,1.0536,0.30684,-0.3649,1.0689,0.34106,-0.21007,1.0817,0.34205,-0.075959,1.0872,0.35436,0.076107,1.0884,0.35434,0.21059,1.0849,0.34644,0.36323,1.0611,0.33029,0.5049,1.0534,0.30649,-0.51227,0.94028,0.40265,-0.35394,0.96724,0.42419,-0.21978,0.97179,0.43906,-0.065525,0.98359,0.44911,0.065267,0.98203,0.44702,0.21983,0.97243,0.43863,0.35364,0.96549,0.42152,0.51178,0.93779,0.39914,-0.50424,0.82971,0.48414,-0.36273,0.84695,0.51964,-0.21199,0.86426,0.52718,-0.073535,0.86488,0.53274,0.074813,0.87098,0.53922,0.21252,0.86573,0.52974,0.36088,0.84006,0.50926,0.50586,0.83182,0.48715,-0.50721,0.71548,0.57908,-0.35509,0.74307,0.59996,-0.21304,0.74068,0.60711,-0.069449,0.76786,0.63497,0.068657,0.766,0.63352,0.21625,0.75496,0.6241,0.35396,0.7385,0.59374,0.50576,0.7101,0.57177,-0.50822,0.60825,0.66513,-0.35658,0.61359,0.68313,-0.21341,0.63687,0.70005,-0.070905,0.64984,0.71958,0.071224,0.65005,0.71963,0.21496,0.64213,0.70748,0.35712,0.61709,0.68685,0.50554,0.60103,0.65583,-0.5,0.48145,0.74307,-0.35542,0.51758,0.77346,-0.21343,0.53575,0.80626,-0.07236,0.55494,0.82321,0.070721,0.54918,0.81857,0.21189,0.53073,0.8011,0.35343,0.51177,0.76668,0.5,0.48145,0.74307
-0.5012,1.2223,0.13442,-0.36001,1.2024,0.13211,-0.20738,1.2345,0.15441,-0.074731,1.2233,0.14922,0.075919,1.2471,0.17657,0.20757,1.238,0.16028,0.36022,1.2077,0.13588,0.50178,1.2131,0.12407,-0.51842,1.1053,0.22532,-0.34767,1.1167,0.23322,-0.22439,1.1222,0.24865,-0.059756,1.1289,0.25525,0.059913,1.1295,0.25543,0.22437,1.1217,0.24788,0.34744,1.1163,0.23105,0.51756,1.1024,0.22216,-0.50363,0.99013,0.3011,-0.36477,1.0038,0.33627,-0.20992,1.0175,0.33956,-0.075972,1.0225,0.35206,0.076237,1.0239,0.35322,0.21031,1.0188,0.34242,0.36341,0.99674,0.32663,0.5048,0.99025,0.30155,-0.51121,0.87043,0.38836,-0.35382,0.89786,0.4149,-0.2194,0.9007,0.42849,-0.065534,0.91335,0.44203,0.06529,0.91043,0.43731,0.21978,0.90103,0.42841,0.3536,0.89537,0.41071,0.51156,0.86859,0.38651,-0.50521,0.7592,0.46951,-0.3628,0.77186,0.50165,-0.21182,0.78884,0.51075,-0.073848,0.79102,0.51834,0.074886,0.79592,0.52498,0.21167,0.78762,0.51014,0.3621,0.76838,0.4966,0.50531,0.75742,0.46744,-0.50617,0.6361,0.55219,-0.35511,0.66421,0.57791,-0.21272,0.66171,0.58517,-0.069746,0.68754,0.61553,0.068649,0.68445,0.61182,0.21593,0.67394,0.60174,0.35403,0.65922,0.57027,0.50656,0.63468,0.55071,-0.50736,0.52219,0.62994,-0.35628,0.52866,0.64965,-0.21337,0.55197,0.6708,-0.071116,0.56443,0.6906,0.071313,0.56481,0.69245,0.2143,0.5556,0.67634,0.35795,0.5346,0.65972,0.50514,0.51841,0.62424,-0.5,0.39463,0.70574,-0.35477,0.42811,0.73574,-0.21377,0.44578,0.77221,-0.072579,0.46396,0.79038,0.070303,0.4572,0.78429,0.21147,0.43975,0.76508,0.3538,0.42471,0.73244,0.5,0.39463,0.70574
-0.50124,1.1683,0.13901,-0.36007,1.1484,0.13507,-0.20703,1.178,0.15833,-0.074532,1.1665,0.15159,0.076004,1.1897,0.18168,0.20712,1.1797,0.16204,0.36021,1.1516,0.13731,0.50181,1.1596,0.12826,-0.51838,1.0441,0.22021,-0.34763,1.0562,0.22991,-0.22472,1.0613,0.24649,-0.059894,1.0675,0.25361,0.059624,1.0667,0.25216,0.22431,1.0595,0.24443,0.34716,1.0553,0.22734,0.5175,1.0418,0.21791,-0.50367,0.92544,0.29007,-0.36453,0.93658,0.32546,-0.20987,0.95056,0.33037,-0.075911,0.95602,0.34443,0.076137,0.9569,0.34503,0.21034,0.95207,0.33354,0.36344,0.9313,0.31734,0.50448,0.92452,0.28951,-0.51162,0.80109,0.37079,-0.35364,0.82646,0.39769,-0.21972,0.82946,0.41282,-0.065554,0.84107,0.42704,0.064915,0.83812,0.4217,0.21967,0.82908,0.41226,0.35332,0.82519,0.3951,0.51158,0.79977,0.36986,-0.50492,0.68454,0.44381,-0.36252,0.696,0.47803,-0.21221,0.71408,0.49059,-0.073849,0.71562,0.49788,0.074597,0.71923,0.50306,0.21186,0.71223,0.48874,0.36194,0.69368,0.47409,0.50551,0.6843,0.44449,-0.50719,0.55955,0.52374,-0.35498,0.584,0.54728,-0.21313,0.5829,0.55707,-0.06968,0.60624,0.58849,0.068433,0.60447,0.58567,0.2159,0.59363,0.5742,0.35409,0.5818,0.54332,0.50583,0.55559,0.51857,-0.50873,0.4439,0.59951,-0.35687,0.4476,0.61753,-0.21353,0.46809,0.63607,-0.070996,0.47919,0.65652,0.07119,0.48027,0.65881,0.21464,0.47246,0.64381,0.35691,0.44964,0.62134,0.50618,0.43915,0.59188,-0.5,0.30978,0.66435,-0.35553,0.34303,0.69842,-0.21406,0.3595,0.7345,-0.072802,0.37545,0.75305,0.070103,0.36768,0.74476,0.21134,0.35155,0.72574,0.35339,0.33774,0.69072,0.5,0.30978,0.66435
-0.50167,1.1109,0.13732,-0.36028,1.0918,0.13225,-0.20734,1.1203,0.15695,-0.074756,1.1085,0.14835,0.075883,1.1295,0.17953,0.20672,1.1192,0.15704,0.36032,1.0937,0.1335,0.50205,1.1035,0.1263,-0.5183,0.98056,0.20871,-0.34785,0.99336,0.22006,-0.22466,0.99696,0.23657,-0.060093,1.0038,0.24511,0.059655,1.0018,0.24171,0.22426,0.99566,0.23463,0.34736,0.99281,0.21748,0.51754,0.97936,0.20753,-0.5034,0.85868,0.27229,-0.36428,0.86861,0.30944,-0.21015,0.88379,0.31626,-0.07581,0.88819,0.33009,0.075893,0.88909,0.33081,0.21033,0.88426,0.31828,0.36325,0.8645,0.30214,0.50432,0.8586,0.27262,-0.5114,0.73137,0.3487,-0.35364,0.7553,0.37574,-0.21948,0.75835,0.39295,-0.065795,0.76952,0.40783,0.065152,0.76693,0.40228,0.21933,0.75744,0.39115,0.3534,0.75446,0.37322,0.51158,0.73075,0.34841,-0.50558,0.61258,0.41774,-0.36203,0.62125,0.45073,-0.21231,0.63879,0.46308,-0.073517,0.64146,0.47314,0.07427,0.64458,0.47815,0.21201,0.63732,0.46197,0.36082,0.6174,0.44339,0.50576,0.61153,0.41642,-0.50602,0.48175,0.48805,-0.35493,0.50654,0.5146,-0.21224,0.50431,0.52371,-0.070066,0.52713,0.55789,0.068771,0.5253,0.55444,0.21524,0.51394,0.54066,0.35486,0.50575,0.51205,0.50582,0.48002,0.48596,-0.50821,0.36224,0.55621,-0.35535,0.36453,0.5741,-0.2139,0.38638,0.59712,-0.070341,0.39688,0.61886,0.070668,0.39769,0.62118,0.21502,0.38972,0.60407,0.35758,0.37119,0.58696,0.50575,0.35814,0.54901,-0.5,0.22766,0.61997,-0.35616,0.26047,0.65528,-0.21424,0.27463,0.69263,-0.073081,0.28772,0.70971,0.070493,0.28143,0.70234,0.2106,0.26467,0.68,0.35459,0.25591,0.64945,0.5,0.22766,0.61997
-0.50252,1.052,0.12881,-0.36102,1.0338,0.12313,-0.20799,1.061,0.14879,-0.075325,1.0502,0.13965,0.075516,1.0689,0.17102,0.206,1.0587,0.14607,0.35987,1.0348,0.12274,0.50163,1.0466,0.11822,-0.51862,0.91694,0.1916,-0.34831,0.93032,0.20394,-0.22502,0.93223,0.22027,-0.060555,0.93964,0.22979,0.059204,0.93751,0.22636,0.22378,0.9318,0.21853,0.34697,0.93005,0.20172,0.51721,0.91747,0.19152,-0.50369,0.79257,0.24942,-0.36442,0.80076,0.28718,-0.21078,0.81736,0.29663,-0.076064,0.82028,0.30927,0.075417,0.82166,0.31048,0.21005,0.81728,0.29745,0.36283,0.79834,0.28108,0.504,0.79377,0.25083,-0.51152,0.66236,0.32129,-0.35398,0.68556,0.34897,-0.21973,0.68826,0.36798,-0.066205,0.69848,0.38217,0.065087,0.69655,0.37777,0.21884,0.68724,0.3649,0.35327,0.68525,0.34713,0.51096,0.66229,0.32019,-0.5051,0.53976,0.38264,-0.36235,0.54858,0.41961,-0.21262,0.56513,0.43056,-0.073722,0.56783,0.44185,0.073834,0.56997,0.4452,0.21219,0.56509,0.43171,0.36021,0.54447,0.40968,0.50555,0.54043,0.38333,-0.50597,0.40756,0.45096,-0.35521,0.43139,0.47752,-0.21198,0.42793,0.48591,-0.070466,0.44965,0.52123,0.068944,0.44876,0.51935,0.21469,0.43731,0.50355,0.35462,0.43011,0.47365,0.50507,0.40524,0.44629,-0.50968,0.2881,0.51892,-0.35557,0.28698,0.53245,-0.21443,0.30755,0.55425,-0.070095,0.31678,0.57607,0.070201,0.31794,0.57831,0.21566,0.31188,0.56406,0.3569,0.29259,0.54302,0.50725,0.28343,0.51043,-0.5,0.14901,0.5738,-0.35652,0.18148,0.61077,-0.21445,0.19467,0.64915,-0.073323,0.20586,0.66485,0.070618,0.19983,0.65773,0.21007,0.18273,0.63323,0.35453,0.17598,0.60288,0.5,0.14901,0.5738
-0.50235,0.99267,0.11293,-0.36091,0.97534,0.10801,-0.20786,1.0021,0.1355,-0.075434,0.99111,0.12389,0.075783,1.0072,0.15579,0.20599,0.99845,0.12949,0.36028,0.97506,0.10689,0.50189,0.98856,0.10405,-0.51862,0.85411,0.16811,-0.34812,0.86726,0.18159,-0.22497,0.86775,0.19654,-0.060257,0.87473,0.2078,0.059082,0.87342,0.2032,0.224,0.86694,0.19603,0.3469,0.86804,0.17914,0.51744,0.85425,0.16971,-0.50349,0.7281,0.22152,-0.36385,0.73415,0.26007,-0.21109,0.75269,0.27255,-0.075718,0.7539,0.2835,0.075285,0.75513,0.28487,0.21038,0.75141,0.27126,0.3624,0.73105,0.25314,0.50413,0.72887,0.22285,-0.51073,0.59453,0.2875,-0.35426,0.61762,0.31821,-0.21948,0.62013,0.3376,-0.066383,0.62844,0.3516,0.065549,0.62903,0.3491,0.21852,0.61798,0.3347,0.35341,0.6182,0.31548,0.51031,0.59392,0.28766,-0.50555,0.47169,0.34777,-0.36205,0.47861,0.38594,-0.21313,0.49478,0.39538,-0.073073,0.49616,0.40555,0.073443,0.49867,0.41023,0.21293,0.49507,0.3976,0.35962,0.4734,0.3734,0.50563,0.47031,0.34518,-0.50528,0.33622,0.40998,-0.35592,0.35951,0.43856,-0.21136,0.35552,0.44573,-0.071166,0.37538,0.48252,0.069541,0.37601,0.48088,0.21411,0.36407,0.46604,0.35557,0.36081,0.43651,0.5041,0.33375,0.40689,-0.51022,0.2134,0.47096,-0.35418,0.21168,0.48527,-0.21547,0.23245,0.50887,-0.068867,0.24075,0.53055,0.069153,0.2421,0.53397,0.21658,0.23603,0.51752,0.35641,0.21836,0.49993,0.50769,0.20942,0.46249,-0.5,0.074549,0.52704,-0.35791,0.10783,0.56519,-0.21442,0.11875,0.60296,-0.073914,0.12661,0.61646,0.071259,0.12274,0.6106,0.20892,0.10378,0.58342,0.35394,0.099276,0.54973,0.5,0.074549,0.52704
-0.50289,0.9336,0.090194,-0.36155,0.91751,0.087051,-0.20816,0.94335,0.11557,-0.076099,0.93285,0.10178,0.075427,0.94713,0.13455,0.20519,0.93973,0.10712,0.35994,0.91678,0.084828,0.50124,0.93166,0.083536,-0.51894,0.79243,0.13968,-0.34811,0.80651,0.15409,-0.22545,0.80489,0.16789,-0.06019,0.81205,0.17973,0.058422,0.81116,0.17561,0.22385,0.80451,0.1674,0.34618,0.8073,0.15114,0.51726,0.79345,0.14195,-0.50392,0.66546,0.18927,-0.36371,0.66922,0.22701,-0.21164,0.68927,0.24229,-0.075917,0.69003,0.25284,0.074788,0.69118,0.25448,0.21015,0.68822,0.24017,0.36139,0.66619,0.21943,0.50364,0.6666,0.18986,-0.51045,0.5293,0.25097,-0.35456,0.55302,0.28352,-0.21955,0.55413,0.30278,-0.066555,0.56178,0.31623,0.065547,0.56322,0.31522,0.21837,0.5527,0.30078,0.35327,0.55373,0.28026,0.50924,0.52839,0.2489,-0.50506,0.40446,0.30584,-0.36235,0.41177,0.34863,-0.21378,0.42744,0.35659,-0.072876,0.42739,0.3637,0.072989,0.43049,0.37074,0.2132,0.42854,0.3594,0.35926,0.40664,0.33502,0.50578,0.40541,0.30647,-0.50536,0.26881,0.36899,-0.35618,0.29166,0.39611,-0.21093,0.28584,0.40155,-0.071592,0.30542,0.4396,0.069813,0.30663,0.43944,0.21362,0.29476,0.42396,0.35584,0.29341,0.39444,0.50343,0.26593,0.3632,-0.51198,0.14678,0.43067,-0.35421,0.14212,0.44055,-0.21654,0.16198,0.46217,-0.068416,0.16978,0.4837,0.068052,0.17011,0.485,0.21724,0.16552,0.47026,0.35603,0.14868,0.45512,0.50998,0.14306,0.42212,-0.5,0.0049415,0.48095,-0.35819,0.038201,0.51865,-0.21425,0.048986,0.55775,-0.074067,0.054285,0.56825,0.071903,0.051981,0.56369,0.20796,0.030914,0.53295,0.35363,0.02832,0.49837,0.5,0.0049415,0.48095
-0.50246,0.87615,0.061077,-0.36131,0.86095,0.060262,-0.20792,0.88648,0.091068,-0.076368,0.87597,0.073399,0.075684,0.88762,0.10657,0.20546,0.88292,0.080043,0.36033,0.85866,0.057194,0.50131,0.87542,0.057639,-0.51869,0.73307,0.10579,-0.34751,0.74744,0.12106,-0.22528,0.74433,0.13356,-0.0595,0.7513,0.14686,0.058397,0.75071,0.14105,0.2244,0.74345,0.1338,0.34618,0.7485,0.11774,0.51774,0.73335,0.10927,-0.50383,0.60562,0.15271,-0.36284,0.60675,0.18912,-0.21195,0.62935,0.20893,-0.075634,0.62836,0.21657,0.074691,0.62941,0.21952,0.21033,0.62709,0.2037,0.36064,0.60263,0.18079,0.50353,0.60598,0.15226,-0.50932,0.46707,0.21007,-0.3548,0.4914,0.24555,-0.21908,0.49221,0.26527,-0.066653,0.49818,0.27798,0.066193,0.50087,0.27703,0.2185,0.4901,0.26449,0.35377,0.49259,0.24144,0.50873,0.46559,0.2091,-0.50556,0.34316,0.26604,-0.36244,0.3491,0.31025,-0.21434,0.36388,0.31473,-0.072536,0.36295,0.32011,0.072582,0.36506,0.32712,0.21384,0.36573,0.3192,0.3592,0.34296,0.29517,0.50585,0.34237,0.26363,-0.50515,0.20602,0.32711,-0.35675,0.2277,0.35167,-0.20999,0.22097,0.356,-0.072425,0.23964,0.39565,0.070541,0.24167,0.39492,0.21313,0.22967,0.38235,0.35722,0.23203,0.35415,0.50304,0.20279,0.32261,-0.51327,0.081683,0.3825,-0.35334,0.07644,0.39273,-0.21803,0.095938,0.41374,-0.067335,0.10337,0.4347,0.066525,0.10253,0.43479,0.21861,0.10021,0.42334,0.35446,0.081726,0.40606,0.51044,0.077354,0.3717,-0.5,-0.059182,0.43672,-0.35965,-0.02368,0.47426,-0.21386,-0.015344,0.51156,-0.074738,-0.012126,0.52061,0.072454,-0.014315,0.5142,0.20657,-0.038142,0.48103,0.35367,-0.037088,0.44686,0.5,-0.059182,0.43672
-0.50257,0.82096,0.026259,-0.36156,0.8066,0.028297,-0.20816,0.83179,0.060666,-0.077086,0.82152,0.039402,0.075355,0.8309,0.072676,0.20528,0.82871,0.047894,0.36015,0.80306,0.024383,0.5009,0.82152,0.026043,-0.51872,0.67643,0.067695,-0.34739,0.69158,0.083567,-0.22543,0.6871,0.095156,-0.059252,0.69393,0.1092,0.05814,0.69369,0.10223,0.22447,0.6856,0.095069,0.34594,0.69276,0.079678,0.51779,0.67628,0.071744,-0.50426,0.54899,0.11284,-0.36207,0.54755,0.14691,-0.2127,0.57258,0.17112,-0.075638,0.57039,0.17632,0.074044,0.57166,0.18113,0.21003,0.56929,0.16262,0.35933,0.5428,0.13841,0.50322,0.54925,0.11198,-0.50907,0.40912,0.16845,-0.3552,0.4338,0.20432,-0.21879,0.43379,0.22405,-0.066918,0.43893,0.23661,0.066533,0.44255,0.23537,0.21841,0.43161,0.22484,0.35385,0.43538,0.1991,0.50793,0.40647,0.16607,-0.50607,0.28473,0.22207,-0.36221,0.29036,0.26895,-0.21537,0.3039,0.26876,-0.072023,0.30311,0.2742,0.071516,0.3046,0.28199,0.21443,0.30724,0.27631,0.35853,0.28403,0.254,0.50621,0.28437,0.22045,-0.50567,0.14787,0.28552,-0.35705,0.16823,0.30464,-0.20936,0.16028,0.3081,-0.073119,0.17873,0.34942,0.070885,0.18135,0.34831,0.21274,0.16976,0.33932,0.35783,0.17464,0.31077,0.50259,0.1438,0.27956,-0.51578,0.025859,0.34478,-0.35293,0.016548,0.34785,-0.22027,0.035729,0.36624,-0.066124,0.0419,0.38402,0.064507,0.039835,0.38205,0.21988,0.039649,0.37356,0.35364,0.022237,0.36296,0.51282,0.020418,0.33023,-0.5,-0.11724,0.39555,-0.36037,-0.080496,0.43163,-0.21283,-0.072088,0.46803,-0.075059,-0.070932,0.47441,0.07355,-0.073364,0.46548,0.20494,-0.10121,0.42852,0.35425,-0.096234,0.39732,0.5,-0.11724,0.39555
-0.50251,0.76888,-0.013607,-0.36161,0.75525,-0.0082821,-0.20831,0.78052,0.024872,-0.077641,0.77002,0.00052642,0.075136,0.77771,0.032916,0.20547,0.77739,0.011091,0.36021,0.75076,-0.013211,0.50089,0.77018,-0.010737,-0.51858,0.62331,0.02578,-0.34728,0.63916,0.041698,-0.22537,0.63362,0.053298,-0.059019,0.64043,0.067328,0.058176,0.64038,0.059603,0.22457,0.63165,0.052455,0.34601,0.64027,0.037773,0.51788,0.62264,0.030083,-0.50469,0.49649,0.070861,-0.36107,0.49236,0.10133,-0.21325,0.51982,0.12919,-0.075522,0.51666,0.13317,0.073507,0.51803,0.13887,0.20984,0.51501,0.11777,0.3583,0.48735,0.093036,0.50328,0.49633,0.069678,-0.50859,0.35504,0.12415,-0.3555,0.38092,0.16103,-0.21864,0.37995,0.18148,-0.067052,0.38436,0.19246,0.06683,0.38824,0.19055,0.21848,0.37762,0.1825,0.35373,0.38168,0.15335,0.50765,0.35184,0.12181,-0.50758,0.23185,0.17912,-0.36161,0.23627,0.22561,-0.21649,0.249,0.22063,-0.071353,0.24811,0.22679,0.070326,0.24888,0.23419,0.21513,0.25281,0.23063,0.35806,0.23024,0.21215,0.50686,0.23056,0.17601,-0.50659,0.096494,0.24777,-0.35741,0.11419,0.25781,-0.20894,0.10445,0.25913,-0.073779,0.12313,0.30182,0.071073,0.12546,0.29931,0.21243,0.1157,0.29627,0.35815,0.12137,0.26598,0.50302,0.090784,0.23884,-0.51749,-0.02831,0.2996,-0.35255,-0.038105,0.302,-0.2222,-0.019009,0.31794,-0.064923,-0.014662,0.33112,0.062866,-0.017429,0.32807,0.22109,-0.015512,0.32274,0.35313,-0.031099,0.32282,0.51461,-0.031702,0.28912,-0.5,-0.16872,0.35851,-0.36071,-0.13039,0.38929,-0.21158,-0.12269,0.42488,-0.075065,-0.12241,0.42792,0.074747,-0.12614,0.41705,0.20327,-0.15824,0.37548,0.35477,-0.15017,0.34882,0.5,-0.16872,0.35851
-0.50313,0.71936,-0.057256,-0.36223,0.70668,-0.049479,-0.20909,0.73182,-0.015671,-0.078589,0.72145,-0.041606,0.074657,0.72764,-0.012068,0.20555,0.72908,-0.029859,0.36007,0.70199,-0.054971,0.50081,0.72163,-0.052082,-0.51872,0.57333,-0.018729,-0.34762,0.58988,-0.0027596,-0.22551,0.58369,0.0085344,-0.059185,0.59081,0.021945,0.058047,0.59063,0.014004,0.22435,0.58184,0.0071134,0.34601,0.59087,-0.0068301,0.51774,0.57288,-0.014784,-0.50531,0.44708,0.027056,-0.36062,0.44112,0.053396,-0.21383,0.47006,0.084248,-0.075807,0.46663,0.087743,0.072956,0.46789,0.093393,0.20929,0.46422,0.069999,0.3574,0.43622,0.045158,0.50309,0.44712,0.025498,-0.50911,0.3053,0.080386,-0.35568,0.3317,0.11598,-0.21878,0.32958,0.13607,-0.066987,0.3339,0.14497,0.066793,0.33781,0.1436,0.21874,0.32819,0.13815,0.35326,0.33143,0.1058,0.50801,0.30218,0.077328,-0.50933,0.18298,0.13667,-0.3613,0.18666,0.18092,-0.21746,0.19829,0.17294,-0.070894,0.19665,0.17685,0.069357,0.19745,0.18512,0.21551,0.2025,0.18315,0.35791,0.1816,0.16991,0.50763,0.18167,0.13246,-0.50759,0.04798,0.20701,-0.35732,0.064465,0.21078,-0.20948,0.053016,0.21018,-0.073458,0.072304,0.25236,0.070904,0.07372,0.24882,0.21281,0.067685,0.25404,0.35788,0.071969,0.2208,0.50347,0.041427,0.19497,-0.51842,-0.072368,0.26805,-0.35299,-0.086545,0.26064,-0.22297,-0.069556,0.27013,-0.064064,-0.066994,0.27705,0.0624,-0.070382,0.27188,0.2221,-0.065299,0.27079,0.35309,-0.078102,0.28611,0.51655,-0.075797,0.25568,-0.5,-0.21315,0.32658,-0.35903,-0.17676,0.34983,-0.20896,-0.16602,0.3838,-0.07304,-0.16621,0.382,0.077043,-0.1727,0.36821,0.2028,-0.21,0.32042,0.35587,-0.199,0.30045,0.5,-0.21315,0.32658
-0.50381,0.67231,-0.10391,-0.36282,0.66123,-0.094215,-0.20963,0.68558,-0.060992,-0.078822,0.67583,-0.085689,0.075082,0.68058,-0.062101,0.20666,0.68325,-0.07429,0.36093,0.65725,-0.10057,0.50191,0.67508,-0.097041,-0.51857,0.5266,-0.065072,-0.34779,0.54326,-0.049335,-0.22522,0.53705,-0.038826,-0.059197,0.54484,-0.026138,0.058295,0.54391,-0.033769,0.22434,0.53588,-0.040195,0.34646,0.54347,-0.053238,0.51794,0.52679,-0.061882,-0.50535,0.40069,-0.017759,-0.3604,0.39403,0.0044447,-0.21338,0.42314,0.03644,-0.075877,0.42001,0.040879,0.073441,0.42094,0.044701,0.20928,0.41665,0.021081,0.35786,0.38977,-0.0043023,0.50357,0.40084,-0.019052,-0.50975,0.25944,0.036481,-0.35517,0.28606,0.070644,-0.21918,0.28358,0.090752,-0.066249,0.28739,0.095177,0.066501,0.29046,0.094825,0.21957,0.28278,0.091983,0.35253,0.28306,0.057284,0.50927,0.25697,0.032709,-0.50995,0.13822,0.095545,-0.36135,0.14188,0.13658,-0.21706,0.15149,0.12477,-0.070999,0.14884,0.12651,0.069775,0.14989,0.13449,0.21545,0.15586,0.1356,0.35867,0.1367,0.12474,0.50882,0.13693,0.091186,-0.50892,0.0062942,0.1715,-0.35678,0.019185,0.16705,-0.21095,0.0060191,0.16141,-0.072254,0.024967,0.20051,0.070422,0.025661,0.19793,0.21347,0.024022,0.21057,0.35799,0.027321,0.18107,0.50603,3.7987e-05,0.15878,-0.51725,-0.11431,0.23287,-0.35462,-0.13006,0.22015,-0.22128,-0.11685,0.22114,-0.064477,-0.11614,0.22229,0.064607,-0.11893,0.21497,0.22226,-0.11066,0.22071,0.35445,-0.12017,0.24846,0.51633,-0.11839,0.21894,-0.5,-0.25012,0.30062,-0.35585,-0.21884,0.31118,-0.20623,-0.20557,0.34101,-0.069281,-0.2034,0.33575,0.078926,-0.21512,0.31893,0.20407,-0.25693,0.26555,0.35675,-0.24423,0.25774,0.5,-0.25012,0.30062
-0.50637,0.62612,-0.15208,-0.36488,0.61882,-0.14326,-0.21141,0.63969,-0.11133,-0.079413,0.63331,-0.12849,0.075159,0.63469,-0.11796,0.20751,0.63857,-0.12297,0.36205,0.61633,-0.14763,0.50355,0.62987,-0.14523,-0.5188,0.48228,-0.11276,-0.34882,0.49797,-0.095411,-0.22514,0.49377,-0.088555,-0.059905,0.50135,-0.07683,0.058339,0.49998,-0.083681,0.22372,0.49263,-0.089926,0.34682,0.49765,-0.10073,0.51771,0.4837,-0.11018,-0.50584,0.35557,-0.062587,-0.36157,0.35111,-0.044961,-0.21291,0.37773,-0.011898,-0.076797,0.37579,-0.007753,0.074025,0.3765,-0.0053402,0.20828,0.37075,-0.030022,0.35912,0.34786,-0.052879,0.50378,0.35667,-0.06386,-0.51121,0.2169,-0.0065313,-0.3545,0.24271,0.027836,-0.22022,0.24092,0.042864,-0.064948,0.2428,0.040678,0.065257,0.2463,0.044726,0.22079,0.24168,0.045851,0.35108,0.23724,0.010789,0.51113,0.21656,-0.0086772,-0.50954,0.096708,0.058491,-0.36242,0.10181,0.092768,-0.21524,0.10602,0.076124,-0.07255,0.10335,0.075003,0.07152,0.10509,0.083323,0.2136,0.11385,0.092267,0.35975,0.095963,0.079576,0.50823,0.09579,0.052908,-0.51157,-0.031851,0.13633,-0.35506,-0.023464,0.1282,-0.21454,-0.036157,0.11538,-0.068997,-0.020174,0.14586,0.068801,-0.019081,0.1462,0.21512,-0.014963,0.1689,0.35613,-0.014228,0.14385,0.50858,-0.03868,0.12076,-0.51133,-0.14673,0.21185,-0.35769,-0.16736,0.18594,-0.21664,-0.16171,0.1754,-0.067238,-0.16273,0.1695,0.070004,-0.16421,0.16105,0.22,-0.15228,0.17366,0.35711,-0.15598,0.2151,0.514,-0.15228,0.19412,-0.5,-0.27931,0.28131,-0.35062,-0.26184,0.27622,-0.20332,-0.24436,0.29684,-0.062888,-0.23531,0.29076,0.079624,-0.25763,0.26802,0.20968,-0.29866,0.21444,0.35808,-0.28486,0.22247,0.5,-0.27931,0.28131
-0.50894,0.58099,-0.20114,-0.36707,0.57807,-0.19242,-0.21202,0.59258,-0.16935,-0.079112,0.59019,-0.1734,0.075136,0.58948,-0.17471,0.20798,0.59219,-0.17698,0.36363,0.57672,-0.19468,0.50562,0.58416,-0.19538,-0.51934,0.43984,-0.16082,-0.35019,0.45324,-0.14138,-0.22553,0.45226,-0.13938,-0.060986,0.45762,-0.13011,0.058328,0.45727,-0.13359,0.2229,0.45023,-0.1411,0.34702,0.4521,-0.14807,0.5173,0.44138,-0.15791,-0.50585,0.31256,-0.10576,-0.36338,0.31056,-0.092739,-0.2116,0.3341,-0.059062,-0.078014,0.3319,-0.057381,0.075282,0.33453,-0.053294,0.20635,0.32461,-0.081366,0.36095,0.30811,-0.099723,0.50357,0.31397,-0.10478,-0.51282,0.1771,-0.048044,-0.35455,0.20251,-0.010136,-0.22192,0.19958,-0.008412,-0.064194,0.20023,-0.011747,0.063442,0.20261,-0.0086236,0.22155,0.20276,0.00032462,0.34904,0.19227,-0.034015,0.5124,0.17797,-0.047113,-0.50765,0.057898,0.024133,-0.36379,0.064435,0.049712,-0.21236,0.061658,0.027622,-0.075325,0.059875,0.02661,0.074375,0.061375,0.031307,0.2094,0.073459,0.051953,0.36072,0.05794,0.036764,0.5056,0.056789,0.019451,-0.51465,-0.063347,0.10872,-0.35349,-0.062726,0.095819,-0.21935,-0.073116,0.076229,-0.06575,-0.065205,0.089315,0.065854,-0.061394,0.09582,0.21618,-0.052523,0.12682,0.35277,-0.051801,0.11242,0.51194,-0.069044,0.096672,-0.50477,-0.17946,0.18601,-0.36001,-0.19792,0.16156,-0.2111,-0.20218,0.13683,-0.071999,-0.2071,0.12444,0.075938,-0.20603,0.11776,0.21466,-0.19276,0.1372,0.35949,-0.18751,0.18358,0.5083,-0.18321,0.17386,-0.5,-0.30045,0.26915,-0.34751,-0.30106,0.24849,-0.20306,-0.28961,0.25077,-0.058275,-0.26794,0.25031,0.075271,-0.30533,0.21884,0.21648,-0.33477,0.17861,0.35651,-0.31974,0.20788,0.5,-0.30045,0.26915
-0.51103,0.53607,-0.25123,-0.36916,0.53687,-0.24079,-0.21285,0.54465,-0.22812,-0.079904,0.54601,-0.22365,0.07399,0.54469,-0.22992,0.20714,0.54437,-0.23336,0.36379,0.5367,-0.24141,0.50583,0.53919,-0.24713,-0.52002,0.39742,-0.20747,-0.35116,0.40968,-0.18832,-0.2262,0.40964,-0.18996,-0.062001,0.41461,-0.18146,0.0579,0.41538,-0.18118,0.22156,0.40783,-0.19369,0.34621,0.40786,-0.1954,0.51631,0.4003,-0.20328,-0.50733,0.2712,-0.14637,-0.36548,0.27113,-0.13675,-0.21159,0.29121,-0.10487,-0.078967,0.28634,-0.1103,0.074958,0.29233,-0.10075,0.20467,0.2785,-0.13201,0.36129,0.2689,-0.14437,0.50315,0.2732,-0.14441,-0.51502,0.1387,-0.086093,-0.35338,0.1615,-0.051,-0.22376,0.15638,-0.06324,-0.063565,0.15686,-0.063434,0.061374,0.15684,-0.067184,0.22128,0.16352,-0.04685,0.34699,0.15015,-0.076257,0.51338,0.14192,-0.081176,-0.50688,0.023982,-0.0040954,-0.3647,0.027312,0.010478,-0.21092,0.01907,-0.015853,-0.077581,0.020294,-0.0094677,0.075785,0.019059,-0.01605,0.20513,0.033139,0.012382,0.36033,0.02168,-0.0025756,0.50273,0.023517,-0.0063724,-0.51666,-0.092276,0.08423,-0.35247,-0.099423,0.065656,-0.22157,-0.10421,0.05098,-0.063514,-0.10837,0.041669,0.063217,-0.10187,0.051163,0.21673,-0.087676,0.087384,0.34915,-0.086208,0.082357,0.51366,-0.097763,0.074298,-0.49891,-0.2018,0.17137,-0.36012,-0.22056,0.15036,-0.20797,-0.23523,0.1137,-0.07633,-0.24372,0.099161,0.078512,-0.24193,0.094751,0.20888,-0.2292,0.11612,0.35972,-0.2137,0.15979,0.50151,-0.20226,0.16814,-0.5,-0.31336,0.26448,-0.3471,-0.32988,0.23426,-0.20713,-0.33222,0.21543,-0.058039,-0.31665,0.21758,0.069494,-0.35621,0.17553,0.21929,-0.35862,0.17433,0.35324,-0.34073,0.21339,0.5,-0.31336,0.26448
-0.51147,0.49054,-0.30076,-0.36885,0.49524,-0.28748,-0.21329,0.49788,-0.28487,-0.079131,0.49997,-0.27791,0.07361,0.49875,-0.28345,0.20787,0.49603,-0.29234,0.36346,0.49475,-0.2868,0.50626,0.49373,-0.29919,-0.5185,0.35443,-0.25402,-0.35203,0.36574,-0.23282,-0.22443,0.36713,-0.23486,-0.062431,0.36858,-0.23351,0.059953,0.37378,-0.22354,0.22038,0.36413,-0.24078,0.34781,0.36362,-0.24196,0.51569,0.35765,-0.24969,-0.50812,0.2295,-0.18649,-0.36571,0.23098,-0.18008,-0.21098,0.24506,-0.15478,-0.078392,0.23639,-0.17071,0.074277,0.24475,-0.15337,0.20547,0.23276,-0.18236,0.36211,0.22922,-0.18397,0.50454,0.23256,-0.18472,-0.51617,0.10113,-0.12155,-0.35299,0.11766,-0.094898,-0.22259,0.11158,-0.10999,-0.06346,0.11427,-0.10431,0.062375,0.10849,-0.11985,0.22005,0.12094,-0.093445,0.34842,0.10779,-0.1171,0.5139,0.10797,-0.11091,-0.50814,-0.0074003,-0.028333,-0.36576,-0.012975,-0.032608,-0.21033,-0.021103,-0.050387,-0.077617,-0.018344,-0.042369,0.076003,-0.02025,-0.049241,0.20529,-0.0052988,-0.024562,0.36147,-0.012845,-0.033883,0.50323,-0.0066378,-0.029094,-0.51575,-0.11813,0.063588,-0.35227,-0.12855,0.047821,-0.22101,-0.13343,0.033406,-0.063399,-0.14178,0.021426,0.064221,-0.13752,0.024604,0.21689,-0.1176,0.061729,0.34973,-0.11894,0.055731,0.51429,-0.11944,0.06146,-0.49859,-0.21971,0.16199,-0.3618,-0.23952,0.14082,-0.20645,-0.25627,0.11145,-0.07824,-0.26964,0.092657,0.077932,-0.26485,0.097704,0.20783,-0.25566,0.10689,0.36065,-0.23391,0.14821,0.49941,-0.21888,0.16044,-0.5,-0.31791,0.26741,-0.35022,-0.34974,0.22883,-0.21307,-0.36201,0.2033,-0.06405,-0.37313,0.18545,0.070662,-0.38786,0.16307,0.21801,-0.37143,0.18827,0.35185,-0.35161,0.2227,0.5,-0.31791,0.26741
-0.51099,0.44313,-0.34908,-0.36763,0.44943,-0.33365,-0.21336,0.44721,-0.33971,-0.078021,0.45067,-0.33194,0.073534,0.44853,-0.33317,0.20855,0.44586,-0.34656,0.36243,0.44968,-0.33243,0.50581,0.44623,-0.34991,-0.51803,0.31033,-0.29622,-0.35328,0.31898,-0.27628,-0.22322,0.32037,-0.27935,-0.063522,0.31952,-0.27901,0.061144,0.32799,-0.26497,0.21901,0.31681,-0.2847,0.34908,0.31787,-0.28593,0.51485,0.31296,-0.2946,-0.50948,0.18715,-0.22354,-0.36637,0.18759,-0.22027,-0.21164,0.19808,-0.20067,-0.078208,0.18989,-0.21657,0.074513,0.19131,-0.2111,0.20805,0.18567,-0.22872,0.3636,0.18802,-0.22058,0.50684,0.19043,-0.22379,-0.51781,0.065893,-0.14843,-0.35438,0.070492,-0.13793,-0.22159,0.065209,-0.15278,-0.064907,0.069246,-0.14243,0.062958,0.061464,-0.16091,0.21861,0.072553,-0.14009,0.35157,0.066806,-0.15085,0.51406,0.076906,-0.13418,-0.507,-0.03688,-0.048304,-0.36755,-0.050458,-0.061941,-0.20982,-0.055236,-0.071993,-0.078542,-0.055337,-0.070149,0.076804,-0.055205,-0.071552,0.20687,-0.044867,-0.059234,0.36488,-0.045421,-0.058256,0.50435,-0.03402,-0.046548,-0.51387,-0.1365,0.054217,-0.35317,-0.15005,0.039884,-0.21905,-0.15819,0.023939,-0.06561,-0.17445,0.0064315,0.065135,-0.1646,0.013495,0.21591,-0.14362,0.044554,0.35182,-0.14782,0.036686,0.51274,-0.13854,0.052988,-0.4983,-0.2275,0.16394,-0.36303,-0.25098,0.14102,-0.20506,-0.26432,0.12262,-0.078053,-0.28088,0.10346,0.078528,-0.28011,0.10412,0.20753,-0.27001,0.11308,0.36197,-0.24395,0.1474,0.49799,-0.22154,0.16665,-0.5,-0.31406,0.27787,-0.35011,-0.35029,0.2435,-0.21505,-0.37315,0.21169,-0.066601,-0.39098,0.1925,0.069178,-0.39273,0.18492,0.21652,-0.37429,0.21116,0.35007,-0.34788,0.24087,0.5,-0.31406,0.27787
-0.51031,0.39199,-0.3947,-0.36642,0.39641,-0.37984,-0.21271,0.39285,-0.3898,-0.077041,0.39662,-0.38025,0.073829,0.39772,-0.37489,0.20841,0.39177,-0.3937,0.36167,0.39657,-0.37817,0.50532,0.39433,-0.3969,-0.51769,0.2613,-0.33253,-0.35312,0.27173,-0.31866,-0.22229,0.26907,-0.3203,-0.063334,0.26934,-0.32253,0.062568,0.2743,-0.31187,0.21988,0.26391,-0.33151,0.35048,0.26879,-0.32624,0.51568,0.26389,-0.3331,-0.51107,0.14087,-0.25879,-0.36521,0.1392,-0.25651,-0.21302,0.14879,-0.24106,-0.076647,0.14,-0.25595,0.073073,0.13928,-0.25388,0.21017,0.13778,-0.26327,0.36284,0.1399,-0.25493,0.50877,0.14392,-0.25985,-0.51782,0.025665,-0.17145,-0.35505,0.027079,-0.17392,-0.22111,0.020058,-0.18027,-0.065135,0.024715,-0.17674,0.064468,0.019497,-0.18372,0.21985,0.028172,-0.17238,0.35405,0.027602,-0.17466,0.51566,0.039781,-0.15807,-0.51045,-0.06607,-0.064077,-0.36516,-0.078839,-0.072947,-0.21312,-0.086271,-0.083448,-0.075745,-0.087531,-0.084092,0.073644,-0.089433,-0.085207,0.2109,-0.082297,-0.080925,0.3628,-0.074529,-0.067988,0.5086,-0.06609,-0.06567,-0.51262,-0.15172,0.052642,-0.35457,-0.16613,0.035181,-0.21857,-0.18251,0.021038,-0.066658,-0.19262,0.0083951,0.06693,-0.18812,0.012483,0.21584,-0.16363,0.036244,0.35379,-0.1615,0.038959,0.51264,-0.15178,0.051741,-0.50192,-0.22353,0.17379,-0.3592,-0.24709,0.15738,-0.20814,-0.26434,0.13911,-0.074848,-0.28755,0.11903,0.074983,-0.29129,0.11694,0.20897,-0.26994,0.13296,0.35846,-0.24756,0.15933,0.50265,-0.22895,0.16894,-0.5,-0.30185,0.29557,-0.35172,-0.33517,0.26531,-0.21297,-0.36196,0.24213,-0.068778,-0.383,0.22135,0.070431,-0.38699,0.2173,0.21509,-0.36737,0.23653,0.35339,-0.34075,0.26141,0.5,-0.30185,0.29557
-0.5093,0.33438,-0.43491,-0.36574,0.33452,-0.42372,-0.21109,0.33382,-0.43323,-0.076299,0.33664,-0.42312,0.075148,0.34151,-0.41305,0.20793,0.33104,-0.43648,0.36187,0.33736,-0.42003,0.50479,0.33522,-0.43866,-0.51922,0.20751,-0.36319,-0.35263,0.21583,-0.35593,-0.2236,0.2122,-0.35652,-0.062987,0.21235,-0.35858,0.061504,0.21293,-0.35608,0.22138,0.20526,-0.36927,0.3499,0.21336,-0.36131,0.51672,0.20929,-0.36569,-0.50994,0.092377,-0.28352,-0.36526,0.086269,-0.28331,-0.21175,0.098125,-0.27206,-0.076684,0.08684,-0.28542,0.074233,0.087343,-0.28415,0.21019,0.088211,-0.28726,0.36409,0.08977,-0.28007,0.50875,0.095573,-0.28366,-0.51785,-0.012922,-0.18286,-0.35535,-0.01427,-0.19029,-0.22138,-0.022262,-0.19276,-0.06537,-0.017628,-0.19203,0.064457,-0.020285,-0.1935,0.22016,-0.015771,-0.18953,0.35428,-0.012645,-0.18871,0.51615,-0.0016318,-0.17504,-0.51035,-0.092278,-0.067595,-0.36437,-0.10134,-0.069996,-0.2124,-0.10858,-0.080238,-0.075061,-0.11419,-0.08329,0.074062,-0.11783,-0.086573,0.21167,-0.11138,-0.083281,0.36305,-0.10003,-0.068923,0.50911,-0.093643,-0.069286,-0.51172,-0.15581,0.063916,-0.35497,-0.17544,0.045065,-0.21845,-0.19589,0.034236,-0.066956,-0.20268,0.025269,0.067381,-0.2066,0.02306,0.21481,-0.17595,0.044545,0.35266,-0.16445,0.051928,0.51154,-0.1636,0.058637,-0.50442,-0.22423,0.18594,-0.35972,-0.24668,0.17549,-0.20914,-0.2604,0.1605,-0.073223,-0.28212,0.14728,0.074914,-0.28977,0.14153,0.20989,-0.26484,0.15672,0.3573,-0.23742,0.18122,0.50351,-0.22184,0.18638,-0.5,-0.28139,0.32006,-0.3513,-0.31426,0.29478,-0.21442,-0.35328,0.27073,-0.068878,-0.36585,0.25965,0.070926,-0.37302,0.25517,0.21639,-0.35753,0.26525,0.35305,-0.32058,0.29086,0.5,-0.28139,0.32006
-0.50696,0.27047,-0.46845,-0.36421,0.26607,-0.46154,-0.20838,0.26616,-0.47085,-0.074955,0.27074,-0.45935,0.077421,0.27745,-0.44203,0.20759,0.26252,-0.47393,0.36231,0.27108,-0.45501,0.50418,0.26933,-0.4744,-0.51975,0.14924,-0.38744,-0.35087,0.15195,-0.38694,-0.22424,0.14961,-0.38694,-0.061439,0.15017,-0.38415,0.060485,0.14595,-0.39276,0.2233,0.14062,-0.39664,0.34908,0.1537,-0.38891,0.518,0.1492,-0.39015,-0.50772,0.044145,-0.29547,-0.3647,0.033255,-0.29704,-0.20971,0.047261,-0.28888,-0.076294,0.032424,-0.30172,0.076074,0.037792,-0.29593,0.21039,0.038461,-0.299,0.36596,0.037549,-0.29383,0.50899,0.048169,-0.29455,-0.5178,-0.048219,-0.18262,-0.35432,-0.05082,-0.18947,-0.22144,-0.058937,-0.19128,-0.064378,-0.053461,-0.18853,0.064264,-0.055736,-0.19169,0.22115,-0.054981,-0.18904,0.35389,-0.046267,-0.18844,0.51714,-0.040042,-0.17721,-0.50882,-0.1086,-0.05668,-0.36311,-0.11766,-0.056322,-0.21121,-0.12934,-0.068342,-0.074162,-0.13409,-0.069638,0.075363,-0.13591,-0.070581,0.21271,-0.13055,-0.069533,0.36388,-0.11395,-0.05401,0.50976,-0.1145,-0.059749,-0.51115,-0.15591,0.081798,-0.35436,-0.1779,0.066108,-0.21815,-0.20089,0.056662,-0.066696,-0.21036,0.049984,0.067647,-0.21283,0.046918,0.21563,-0.18301,0.065388,0.35289,-0.16576,0.070099,0.51166,-0.16462,0.078398,-0.50324,-0.20587,0.21219,-0.35793,-0.23025,0.20566,-0.20905,-0.25052,0.18937,-0.072111,-0.27192,0.17991,0.075441,-0.27873,0.17645,0.21129,-0.25284,0.18838,0.35979,-0.23073,0.20586,0.50694,-0.21614,0.20753,-0.5,-0.25287,0.35068,-0.35285,-0.29251,0.32726,-0.21351,-0.32643,0.31171,-0.069782,-0.3492,0.29906,0.070651,-0.3498,0.29736,0.21556,-0.33343,0.30807,0.35505,-0.29982,0.32222,0.5,-0.25287,0.35068
-0.50637,0.20007,-0.49375,-0.36412,0.1921,-0.49038,-0.20781,0.18992,-0.50068,-0.075118,0.1973,-0.48813,0.077308,0.20703,-0.46595,0.20553,0.18631,-0.50269,0.36089,0.19637,-0.48511,0.50279,0.19785,-0.50005,-0.52039,0.085131,-0.404,-0.35056,0.086786,-0.40401,-0.22511,0.083448,-0.40376,-0.061257,0.084306,-0.40037,0.059512,0.077676,-0.40972,0.22366,0.074356,-0.41033,0.3482,0.089528,-0.40459,0.51806,0.088239,-0.40202,-0.50806,-0.0013938,-0.29445,-0.36601,-0.013362,-0.29376,-0.2098,-0.0020658,-0.29141,-0.077381,-0.018566,-0.30116,0.075787,-0.009627,-0.29387,0.20902,-0.0092926,-0.29748,0.36553,-0.010439,-0.29144,0.50763,0.00076884,-0.29453,-0.51766,-0.065713,-0.16337,-0.35509,-0.079299,-0.17452,-0.22198,-0.086599,-0.17419,-0.065072,-0.084045,-0.17414,0.06384,-0.087504,-0.17718,0.22068,-0.088074,-0.17572,0.35333,-0.07535,-0.17448,0.51668,-0.071769,-0.16643,-0.50859,-0.11637,-0.033299,-0.36431,-0.12645,-0.032997,-0.21115,-0.14057,-0.043727,-0.075602,-0.14728,-0.046138,0.075304,-0.15113,-0.046705,0.21065,-0.13822,-0.044374,0.36365,-0.12448,-0.03141,0.50826,-0.11945,-0.036299,-0.51127,-0.1512,0.10869,-0.35388,-0.16668,0.097105,-0.2184,-0.19742,0.089166,-0.067389,-0.20495,0.084381,0.067451,-0.21112,0.080369,0.21497,-0.18019,0.094868,0.35278,-0.16184,0.096879,0.51108,-0.15786,0.10598,-0.50492,-0.18899,0.24321,-0.36041,-0.21823,0.23718,-0.21058,-0.23486,0.22536,-0.072772,-0.25177,0.21937,0.074652,-0.26025,0.217,0.21096,-0.23455,0.22459,0.35974,-0.21235,0.23969,0.50589,-0.1905,0.24123,-0.5,-0.21653,0.38663,-0.3523,-0.2559,0.36826,-0.21405,-0.29649,0.35625,-0.07031,-0.32012,0.34485,0.070191,-0.31956,0.34427,0.21443,-0.29825,0.35504,0.35397,-0.26153,0.36449,0.5,-0.21653,0.38663
-0.5051,0.12305,-0.50849,-0.36285,0.11125,-0.50654,-0.20662,0.10786,-0.51573,-0.073634,0.11559,-0.50538,0.078248,0.13117,-0.48303,0.20618,0.10276,-0.517,0.36151,0.11582,-0.50279,0.50385,0.11977,-0.51214,-0.51956,0.02172,-0.40289,-0.35005,0.022527,-0.40459,-0.22438,0.016913,-0.40308,-0.060901,0.019538,-0.39961,0.060249,0.010805,-0.40665,0.22417,0.0089547,-0.4065,0.34858,0.027612,-0.40153,0.51812,0.024949,-0.40013,-0.50888,-0.041586,-0.279,-0.36532,-0.049158,-0.27293,-0.21014,-0.048331,-0.27893,-0.076038,-0.063215,-0.28277,0.075898,-0.054731,-0.27877,0.21053,-0.054284,-0.28069,0.3657,-0.05099,-0.27329,0.509,-0.039901,-0.27728,-0.51601,-0.075979,-0.13611,-0.35533,-0.10059,-0.14791,-0.22147,-0.10698,-0.14607,-0.065419,-0.10898,-0.14774,0.064356,-0.11249,-0.14945,0.22028,-0.10896,-0.14659,0.35342,-0.09312,-0.14575,0.5158,-0.084465,-0.13723,-0.50832,-0.11194,-0.0017329,-0.36445,-0.13112,-0.00084369,-0.21117,-0.14044,-0.0098629,-0.075201,-0.15135,-0.011039,0.075064,-0.15408,-0.01184,0.21135,-0.14477,-0.010347,0.36394,-0.13212,-0.00021419,0.50848,-0.11821,-0.0025745,-0.51094,-0.1411,0.14207,-0.35317,-0.14759,0.13338,-0.21831,-0.18589,0.12856,-0.06852,-0.19892,0.12315,0.067326,-0.19956,0.1227,0.2129,-0.16137,0.13394,0.35277,-0.15245,0.13238,0.50889,-0.13248,0.14385,-0.50474,-0.15273,0.28151,-0.35995,-0.18625,0.27872,-0.21213,-0.21056,0.26682,-0.073151,-0.22567,0.26375,0.073746,-0.22816,0.26377,0.2126,-0.21185,0.26614,0.35755,-0.17393,0.282,0.50544,-0.16038,0.27973,-0.5,-0.17271,0.42695,-0.35431,-0.2181,0.41003,-0.21242,-0.2457,0.4081,-0.071349,-0.28121,0.39526,0.069386,-0.27482,0.39763,0.21285,-0.25073,0.40563,0.35342,-0.21795,0.40951,0.5,-0.17271,0.42695
-0.50688,0.040728,-0.50486,-0.36427,0.027261,-0.50392,-0.2085,0.020632,-0.50981,-0.074811,0.029452,-0.50431,0.076405,0.049974,-0.48348,0.20493,0.016209,-0.51331,0.36007,0.028741,-0.50142,0.50269,0.040028,-0.50836,-0.51956,-0.036053,-0.38066,-0.35087,-0.033873,-0.38222,-0.22445,-0.043364,-0.38228,-0.06198,-0.040555,-0.37875,0.060148,-0.051245,-0.38564,0.22323,-0.050102,-0.3822,0.34842,-0.028716,-0.38252,0.51718,-0.031447,-0.37891,-0.51056,-0.071183,-0.24545,-0.36554,-0.077064,-0.23977,-0.21257,-0.089809,-0.24755,-0.076381,-0.09791,-0.24871,0.074033,-0.09428,-0.24619,0.21016,-0.088145,-0.24865,0.36372,-0.08354,-0.24,0.50827,-0.070002,-0.24657,-0.51615,-0.085339,-0.099816,-0.35498,-0.10529,-0.10655,-0.22145,-0.12063,-0.10781,-0.065952,-0.12662,-0.10829,0.064343,-0.12835,-0.11091,0.21957,-0.12041,-0.10553,0.3533,-0.10621,-0.10985,0.51509,-0.094588,-0.10056,-0.50887,-0.10415,0.038627,-0.36255,-0.11285,0.042456,-0.21214,-0.13284,0.034159,-0.075453,-0.15282,0.031608,0.072573,-0.13829,0.034853,0.21095,-0.13345,0.032736,0.36235,-0.12426,0.04195,0.50853,-0.11243,0.036003,-0.51042,-0.11498,0.18437,-0.35382,-0.12753,0.17783,-0.21654,-0.15899,0.175,-0.068589,-0.17965,0.17237,0.068302,-0.17665,0.16959,0.21296,-0.13824,0.17991,0.3536,-0.12958,0.17378,0.51004,-0.11973,0.18404,-0.50471,-0.11533,0.32468,-0.36082,-0.15885,0.3239,-0.21385,-0.17857,0.31625,-0.072303,-0.18835,0.31439,0.072551,-0.19296,0.31485,0.21328,-0.17524,0.31427,0.35875,-0.14691,0.3259,0.50664,-0.12067,0.32227,-0.5,-0.12181,0.47057,-0.35285,-0.16034,0.46002,-0.21142,-0.19495,0.45876,-0.070383,-0.22848,0.45227,0.071431,-0.23042,0.44939,0.21223,-0.1976,0.45943,0.35414,-0.16571,0.45683,0.5,-0.12181,0.47057
-0.50708,-0.038683,-0.48098,-0.36459,-0.05096,-0.47637,-0.20892,-0.061545,-0.482,-0.074986,-0.056617,-0.47994,0.075476,-0.027567,-0.46478,0.20562,-0.060049,-0.48366,0.3613,-0.050807,-0.47387,0.50335,-0.034883,-0.48204,-0.51926,-0.080694,-0.34032,-0.35037,-0.081246,-0.34532,-0.22406,-0.089177,-0.34215,-0.061424,-0.093529,-0.34241,0.060712,-0.099314,-0.34433,0.22387,-0.096963,-0.34163,0.34949,-0.081354,-0.34636,0.51846,-0.078829,-0.34039,-0.50939,-0.082906,-0.2014,-0.36438,-0.09485,-0.19546,-0.21273,-0.11688,-0.20202,-0.075954,-0.11961,-0.2016,0.07395,-0.12449,-0.20023,0.2101,-0.11183,-0.20371,0.36286,-0.10146,-0.19395,0.5072,-0.083392,-0.20317,-0.51495,-0.087775,-0.054555,-0.35349,-0.10196,-0.061163,-0.22074,-0.1246,-0.059313,-0.065728,-0.13501,-0.060397,0.064848,-0.13474,-0.061453,0.21956,-0.12216,-0.057296,0.35371,-0.11021,-0.063084,0.5148,-0.092165,-0.054874,-0.50776,-0.090371,0.084353,-0.35992,-0.091932,0.089218,-0.21276,-0.12465,0.083492,-0.0751,-0.14572,0.082727,0.071683,-0.13039,0.084952,0.21092,-0.12179,0.08152,0.36055,-0.10446,0.090688,0.50727,-0.087226,0.082259,-0.50852,-0.07644,0.23101,-0.35367,-0.10202,0.22363,-0.2162,-0.13315,0.22615,-0.068508,-0.15446,0.2245,0.068607,-0.1512,0.22306,0.21282,-0.11126,0.22839,0.35393,-0.1051,0.22182,0.50908,-0.084324,0.23115,-0.50262,-0.060767,0.36943,-0.35815,-0.10882,0.37425,-0.21602,-0.14206,0.36874,-0.072067,-0.1524,0.36802,0.070382,-0.14983,0.36957,0.21347,-0.1316,0.36627,0.35611,-0.099987,0.37582,0.506,-0.073941,0.36795,-0.5,-0.064279,0.51634,-0.35398,-0.10416,0.50879,-0.21014,-0.13268,0.51148,-0.070705,-0.16854,0.50952,0.072301,-0.17364,0.50678,0.21238,-0.14239,0.51279,0.35424,-0.10574,0.507,0.5,-0.064279,0.51634
-0.50592,-0.10531,-0.43497,-0.3629,-0.11466,-0.42717,-0.20802,-0.12814,-0.43241,-0.073537,-0.13147,-0.4303,0.075782,-0.097047,-0.42577,0.20875,-0.12163,-0.43207,0.36424,-0.11715,-0.42643,0.50646,-0.098912,-0.43436,-0.51776,-0.10866,-0.2882,-0.34995,-0.11458,-0.29278,-0.22242,-0.12256,-0.28818,-0.061039,-0.1314,-0.28844,0.062456,-0.13423,-0.28827,0.22423,-0.12798,-0.28734,0.35133,-0.11529,-0.29201,0.51924,-0.10836,-0.28782,-0.50678,-0.090441,-0.15068,-0.36251,-0.10384,-0.14239,-0.21072,-0.12879,-0.14729,-0.074553,-0.13365,-0.14459,0.075863,-0.13941,-0.1446,0.21158,-0.12793,-0.14674,0.36469,-0.11416,-0.14137,0.50778,-0.091131,-0.14995,-0.5132,-0.078101,-0.0041856,-0.35193,-0.091716,-0.0085932,-0.21951,-0.1178,-0.0030393,-0.065124,-0.13144,-0.0030951,0.06579,-0.13067,-0.0032267,0.21937,-0.1098,-0.0029042,0.354,-0.099858,-0.0077455,0.51415,-0.075946,-0.0037755,-0.50593,-0.06307,0.13381,-0.35963,-0.073675,0.14113,-0.21168,-0.10791,0.13762,-0.074045,-0.11939,0.14042,0.074475,-0.11769,0.14005,0.21127,-0.098559,0.13735,0.36274,-0.088866,0.14261,0.5052,-0.054365,0.13339,-0.50749,-0.039758,0.27925,-0.35313,-0.06625,0.27542,-0.21607,-0.099705,0.2821,-0.06824,-0.11867,0.28197,0.069102,-0.12027,0.28178,0.21514,-0.090412,0.28214,0.35559,-0.076586,0.27654,0.50627,-0.034047,0.27898,-0.50393,-0.019202,0.41708,-0.35772,-0.054626,0.42579,-0.21351,-0.086911,0.42259,-0.072033,-0.10263,0.42517,0.07224,-0.10045,0.42436,0.21116,-0.06958,0.42133,0.35746,-0.048942,0.4249,0.50668,-0.027152,0.41792,-0.5,-0.000641,0.56306,-0.35523,-0.048412,0.56022,-0.21161,-0.072872,0.56664,-0.069765,-0.10035,0.56682,0.072171,-0.10996,0.56587,0.21364,-0.081052,0.56574,0.35701,-0.055133,0.5597,0.5,-0.000641,0.56306
-0.50659,-0.15089,-0.37114,-0.36309,-0.15559,-0.36193,-0.20891,-0.173,-0.36632,-0.074434,-0.18214,-0.36173,0.075009,-0.14948,-0.36557,0.20959,-0.16376,-0.36721,0.36482,-0.16566,-0.36013,0.50642,-0.1435,-0.37279,-0.51745,-0.12186,-0.2264,-0.35049,-0.13333,-0.23097,-0.2222,-0.1409,-0.22458,-0.061411,-0.14962,-0.22477,0.062762,-0.15495,-0.22383,0.22355,-0.14384,-0.22432,0.35162,-0.13466,-0.22997,0.51831,-0.11803,-0.22786,-0.50609,-0.091654,-0.091958,-0.36076,-0.095929,-0.083209,-0.21087,-0.12876,-0.084934,-0.074576,-0.1399,-0.080172,0.075368,-0.13993,-0.080299,0.2116,-0.12837,-0.083956,0.36423,-0.11501,-0.079974,0.50651,-0.086368,-0.092988,-0.51233,-0.060436,0.052486,-0.35207,-0.076582,0.048265,-0.21924,-0.10409,0.058537,-0.065762,-0.11709,0.058357,0.066152,-0.11558,0.058721,0.21883,-0.094581,0.056419,0.35433,-0.083792,0.050089,0.51291,-0.055468,0.051017,-0.50647,-0.031282,0.18744,-0.3591,-0.049634,0.19812,-0.21319,-0.083283,0.19708,-0.073059,-0.092011,0.20128,0.072968,-0.083348,0.19963,0.21362,-0.081432,0.19734,0.36165,-0.058886,0.19939,0.50618,-0.025442,0.18629,-0.50649,0.0041988,0.33089,-0.35312,-0.023032,0.32832,-0.2159,-0.058018,0.34057,-0.068874,-0.076433,0.3409,0.069407,-0.077126,0.34087,0.21598,-0.054664,0.3394,0.35478,-0.025686,0.32903,0.5075,0.0048417,0.33056,-0.50573,0.033806,0.46575,-0.35524,0.007427,0.47756,-0.21379,-0.024718,0.47668,-0.069959,-0.043843,0.48238,0.071301,-0.048286,0.48245,0.21305,-0.017239,0.47585,0.35664,0.0033714,0.47764,0.50687,0.031882,0.46658,-0.5,0.068531,0.60948,-0.3558,0.022457,0.6098,-0.21253,-0.0093577,0.62149,-0.07105,-0.029882,0.62218,0.072476,-0.035028,0.62311,0.2135,-0.011635,0.62012,0.35771,0.016598,0.6111,0.5,0.068531,0.60948
-0.5063,-0.17427,-0.29947,-0.36346,-0.17356,-0.29011,-0.20886,-0.19565,-0.29205,-0.075547,-0.20706,-0.28514,0.075526,-0.18067,-0.29335,0.20952,-0.18563,-0.29514,0.36567,-0.1864,-0.28525,0.50621,-0.16512,-0.30178,-0.51817,-0.12265,-0.16058,-0.34975,-0.13631,-0.16376,-0.22323,-0.14207,-0.15713,-0.060905,-0.15329,-0.15525,0.061143,-0.15499,-0.15551,0.22365,-0.14597,-0.15525,0.34951,-0.13464,-0.16424,0.51693,-0.11099,-0.16384,-0.50574,-0.085516,-0.028376,-0.36047,-0.082171,-0.020105,-0.21051,-0.11655,-0.019083,-0.074972,-0.13138,-0.01206,0.075389,-0.13106,-0.012185,0.21132,-0.11966,-0.017595,0.36403,-0.10312,-0.014504,0.50466,-0.070154,-0.032433,-0.51257,-0.032041,0.11021,-0.35191,-0.053513,0.10866,-0.21999,-0.079513,0.12142,-0.065593,-0.092412,0.12287,0.065262,-0.094922,0.12307,0.21846,-0.071332,0.11968,0.35314,-0.062836,0.11092,0.51295,-0.036375,0.11199,-0.5056,0.012446,0.2404,-0.35918,-0.013926,0.25673,-0.21313,-0.043341,0.25697,-0.072645,-0.056594,0.26347,0.072776,-0.053002,0.26246,0.21401,-0.047645,0.25821,0.35987,-0.016622,0.2571,0.50684,0.0072906,0.24237,-0.50844,0.046278,0.38484,-0.35484,0.020169,0.38409,-0.21637,-0.0085804,0.39818,-0.069342,-0.026811,0.4008,0.068875,-0.026388,0.40003,0.21603,-0.0090728,0.3986,0.35251,0.026746,0.38156,0.50522,0.057738,0.38176,-0.50706,0.093104,0.51426,-0.35506,0.0697,0.52918,-0.2142,0.040772,0.52958,-0.069754,0.018134,0.53882,0.070256,0.018689,0.53841,0.21594,0.032755,0.53252,0.35522,0.068394,0.52904,0.50692,0.093085,0.51472,-0.5,0.14261,0.65437,-0.3579,0.091574,0.65941,-0.21367,0.062168,0.67339,-0.072733,0.042777,0.67719,0.071424,0.049006,0.67522,0.21285,0.065002,0.67436,0.35454,0.10333,0.65633,0.5,0.14261,0.65437
-0.50564,-0.17801,-0.22651,-0.3629,-0.16835,-0.22033,-0.20965,-0.19965,-0.21764,-0.07644,-0.20961,-0.20922,0.075637,-0.19085,-0.21816,0.2093,-0.18703,-0.22189,0.36563,-0.18294,-0.21392,0.50638,-0.16472,-0.2301,-0.51807,-0.11161,-0.093949,-0.34938,-0.12733,-0.094746,-0.22342,-0.13578,-0.085933,-0.060561,-0.14389,-0.085036,0.061049,-0.1437,-0.084628,0.22403,-0.13762,-0.085916,0.34913,-0.12218,-0.095272,0.5164,-0.09615,-0.099657,-0.50462,-0.065627,0.03561,-0.36106,-0.058862,0.042525,-0.21048,-0.098131,0.048218,-0.076206,-0.10494,0.054239,0.07604,-0.10827,0.054726,0.20974,-0.094294,0.048014,0.36477,-0.082616,0.050927,0.50264,-0.047213,0.029745,-0.51239,0.0011329,0.16836,-0.35186,-0.022085,0.16953,-0.21889,-0.042069,0.18364,-0.065363,-0.063008,0.18842,0.065577,-0.064006,0.18921,0.21886,-0.042299,0.18312,0.35295,-0.028657,0.17307,0.5134,-0.0059856,0.17148,-0.5048,0.055923,0.2949,-0.36167,0.026061,0.31477,-0.21308,-0.0020021,0.31717,-0.073686,-0.0026173,0.3203,0.073889,-0.011564,0.32324,0.21018,0.013264,0.31258,0.36077,0.027783,0.31383,0.50621,0.047197,0.29918,-0.50615,0.11352,0.43168,-0.3536,0.078854,0.43554,-0.21378,0.062614,0.44917,-0.069069,0.027139,0.45829,0.068439,0.029387,0.45879,0.21575,0.050111,0.45273,0.35396,0.07669,0.4382,0.50677,0.10999,0.4326,-0.50577,0.16265,0.56038,-0.35757,0.13304,0.57873,-0.21268,0.11331,0.57889,-0.071652,0.086104,0.59079,0.07084,0.086076,0.59115,0.21358,0.10418,0.58291,0.35745,0.12959,0.58037,0.50461,0.16332,0.56077,-0.5,0.22094,0.69655,-0.35573,0.1744,0.70436,-0.2134,0.14195,0.72266,-0.072609,0.11453,0.72874,0.070065,0.12667,0.72697,0.21181,0.14832,0.72088,0.35357,0.18218,0.70327,0.5,0.22094,0.69655
-0.50382,-0.16485,-0.15653,-0.36177,-0.14708,-0.15205,-0.2102,-0.18778,-0.14376,-0.077055,-0.19332,-0.13567,0.076021,-0.18196,-0.1433,0.20894,-0.17176,-0.15017,0.36551,-0.16565,-0.14396,0.50575,-0.14731,-0.16239,-0.51824,-0.091608,-0.026916,-0.34882,-0.10619,-0.027333,-0.22302,-0.1102,-0.018912,-0.059823,-0.12234,-0.016095,0.060933,-0.12087,-0.016352,0.22441,-0.1128,-0.018317,0.34914,-0.10232,-0.028024,0.51565,-0.069913,-0.036243,-0.50503,-0.031937,0.096105,-0.36083,-0.026632,0.10524,-0.21135,-0.067109,0.11355,-0.075982,-0.068533,0.11927,0.075511,-0.072114,0.11964,0.21016,-0.060066,0.11234,0.3642,-0.045549,0.11344,0.50438,-0.018803,0.091702,-0.51197,0.044448,0.22426,-0.35216,0.019327,0.22784,-0.21831,0.0028792,0.24282,-0.065287,-0.018735,0.24954,0.066083,-0.019944,0.25056,0.21915,4.8603e-05,0.24386,0.35403,0.0093789,0.23382,0.5123,0.040955,0.22704,-0.50523,0.10772,0.34598,-0.36178,0.078859,0.37004,-0.21383,0.051092,0.37339,-0.073838,0.051672,0.37761,0.073146,0.045757,0.37935,0.21105,0.064858,0.36911,0.36056,0.082546,0.36786,0.50579,0.10494,0.34908,-0.50688,0.1705,0.48126,-0.3533,0.14555,0.48227,-0.2141,0.12188,0.50238,-0.069399,0.091929,0.51155,0.06926,0.094027,0.51179,0.21587,0.11157,0.50605,0.35553,0.13485,0.48962,0.50568,0.17434,0.47986,-0.50765,0.23238,0.60376,-0.35693,0.208,0.62342,-0.21391,0.18748,0.62498,-0.070891,0.16261,0.63941,0.069741,0.1614,0.63981,0.21416,0.17948,0.62973,0.35498,0.21047,0.62239,0.50661,0.23065,0.60585,-0.5,0.30279,0.7349,-0.35655,0.25643,0.74505,-0.2129,0.22897,0.76582,-0.072628,0.2039,0.77273,0.071239,0.21055,0.77201,0.21196,0.23239,0.7644,0.35308,0.26917,0.74124,0.5,0.30279,0.7349
-0.50402,-0.13604,-0.091787,-0.36179,-0.11913,-0.086443,-0.21067,-0.1612,-0.074961,-0.077321,-0.1661,-0.065968,0.075838,-0.15927,-0.073419,0.20814,-0.14266,-0.084245,0.36458,-0.13872,-0.07831,0.50397,-0.11734,-0.10094,-0.51836,-0.058569,0.03624,-0.34921,-0.071774,0.033864,-0.22278,-0.070904,0.042381,-0.060301,-0.087084,0.046198,0.060847,-0.086697,0.047596,0.22386,-0.077471,0.043595,0.34927,-0.070612,0.034695,0.51506,-0.037254,0.02355,-0.50636,0.01334,0.15134,-0.36087,0.014039,0.16462,-0.21202,-0.022395,0.17209,-0.075113,-0.026867,0.1808,0.074607,-0.030898,0.18066,0.21105,-0.019137,0.17293,0.36299,-0.00088148,0.17055,0.50542,0.021676,0.14803,-0.51227,0.092335,0.27881,-0.3527,0.06868,0.28118,-0.21853,0.054031,0.29855,-0.065716,0.034566,0.30397,0.066087,0.034149,0.30593,0.21881,0.05249,0.29752,0.35401,0.062316,0.28656,0.51136,0.095704,0.27633,-0.50784,0.16078,0.3966,-0.36051,0.14045,0.41976,-0.21407,0.11675,0.42166,-0.072623,0.10806,0.43219,0.071989,0.10555,0.43149,0.21261,0.12286,0.42084,0.35963,0.14146,0.4174,0.50713,0.16239,0.39693,-0.50516,0.24332,0.52174,-0.35465,0.20764,0.52948,-0.21576,0.18187,0.55428,-0.069557,0.16629,0.55699,0.069852,0.165,0.55959,0.21567,0.18205,0.55194,0.3556,0.20622,0.53276,0.50621,0.24071,0.52262,-0.50659,0.31627,0.63661,-0.35392,0.29228,0.66075,-0.21684,0.25757,0.66983,-0.068846,0.24756,0.68049,0.068701,0.24039,0.68282,0.21575,0.25894,0.67143,0.35487,0.28433,0.66421,0.50669,0.31319,0.64023,-0.5,0.38745,0.76841,-0.35666,0.34499,0.7782,-0.21305,0.3159,0.80546,-0.072922,0.29799,0.80868,0.072503,0.29876,0.81141,0.21232,0.31669,0.80309,0.35648,0.34696,0.78076,0.5,0.38745,0.76841
-0.5037,-0.09654,-0.033197,-0.36135,-0.08416,-0.026891,-0.20957,-0.12256,-0.013559,-0.076453,-0.12895,-0.0038046,0.076943,-0.12475,-0.0094073,0.20812,-0.10315,-0.025475,0.36466,-0.10167,-0.017174,0.50272,-0.077367,-0.044557,-0.51767,-0.014553,0.091379,-0.34835,-0.026199,0.089347,-0.22246,-0.027604,0.099234,-0.059741,-0.042404,0.10409,0.061211,-0.043198,0.10626,0.2244,-0.033902,0.10182,0.34961,-0.026862,0.091418,0.51623,0.0028215,0.079803,-0.50621,0.062859,0.20347,-0.36092,0.062334,0.21712,-0.21135,0.029374,0.22577,-0.074601,0.025224,0.234,0.075264,0.021385,0.23477,0.21177,0.029952,0.22706,0.36309,0.053264,0.22167,0.50554,0.073356,0.19789,-0.51178,0.14982,0.3251,-0.35208,0.12697,0.32934,-0.2189,0.10872,0.34975,-0.065257,0.096162,0.35318,0.066382,0.093022,0.35686,0.21949,0.10916,0.34859,0.35405,0.12205,0.33427,0.51195,0.15284,0.32293,-0.5063,0.22921,0.43616,-0.35978,0.21079,0.46009,-0.21327,0.18338,0.46647,-0.072875,0.17438,0.47733,0.072734,0.17545,0.47498,0.21302,0.18695,0.46577,0.35905,0.21553,0.45562,0.50741,0.22593,0.43971,-0.50502,0.3139,0.55938,-0.35626,0.27383,0.57331,-0.21508,0.2573,0.59379,-0.069358,0.24069,0.59927,0.070371,0.23972,0.60121,0.216,0.25581,0.59345,0.35562,0.2802,0.57083,0.50687,0.31054,0.5615,-0.50743,0.39106,0.67209,-0.35526,0.36901,0.69618,-0.21638,0.33844,0.70614,-0.068906,0.33155,0.71461,0.06953,0.32466,0.71756,0.21605,0.34024,0.70599,0.35494,0.36996,0.69489,0.50878,0.38584,0.67676,-0.5,0.47413,0.79619,-0.35613,0.43304,0.80887,-0.21208,0.40825,0.8358,-0.071914,0.38763,0.84166,0.072998,0.38552,0.84546,0.21324,0.40335,0.83655,0.35816,0.42694,0.81431,0.5,0.47413,0.79619
-0.50308,-0.050054,0.018446,-0.36168,-0.038125,0.025035,-0.20913,-0.076881,0.040433,-0.07708,-0.082787,0.050297,0.077553,-0.079971,0.046676,0.20661,-0.055358,0.024959,0.36421,-0.057866,0.038546,0.49991,-0.031932,0.0050494,-0.51817,0.036525,0.13988,-0.34703,0.024363,0.13874,-0.22381,0.02082,0.15076,-0.058808,0.0087307,0.1548,0.059639,0.0089011,0.15643,0.22505,0.016813,0.15246,0.34764,0.025796,0.13902,0.51719,0.050353,0.12866,-0.50566,0.12017,0.24742,-0.36163,0.1193,0.2617,-0.21109,0.085854,0.27325,-0.075544,0.083294,0.28002,0.075735,0.081666,0.28069,0.21127,0.084171,0.27419,0.36302,0.11225,0.26653,0.50457,0.12813,0.2413,-0.51149,0.21569,0.36253,-0.35118,0.19089,0.36951,-0.21947,0.17204,0.39259,-0.06469,0.16154,0.39529,0.065747,0.15601,0.4009,0.21964,0.17349,0.39044,0.35327,0.18494,0.37508,0.51261,0.21306,0.36345,-0.50487,0.30053,0.46971,-0.36224,0.27498,0.5001,-0.21256,0.25567,0.50307,-0.073624,0.24951,0.51186,0.073742,0.24703,0.51283,0.21219,0.25736,0.50152,0.35947,0.28805,0.49005,0.50713,0.29013,0.47713,-0.50268,0.39378,0.58652,-0.35648,0.34749,0.60738,-0.21468,0.33616,0.62642,-0.069135,0.3177,0.63354,0.070463,0.3164,0.63601,0.21617,0.33245,0.62731,0.35516,0.35685,0.6014,0.50627,0.38811,0.58962,-0.50629,0.47607,0.69549,-0.35585,0.45171,0.72279,-0.21578,0.42276,0.7346,-0.069315,0.4142,0.74334,0.07017,0.40962,0.74618,0.21567,0.42415,0.73209,0.3547,0.45688,0.71889,0.50794,0.47088,0.69931,-0.5,0.56207,0.8175,-0.35367,0.52846,0.82715,-0.21084,0.50363,0.85767,-0.070896,0.47956,0.86665,0.07348,0.47593,0.87102,0.21506,0.48682,0.86454,0.35712,0.51687,0.83532,0.5,0.56207,0.8175
-0.50249,0.0018575,0.062792,-0.36135,0.01363,0.069126,-0.20871,-0.024926,0.086694,-0.076959,-0.030679,0.096157,0.077975,-0.026778,0.093143,0.20637,-0.0022255,0.06836,0.36419,-0.0066841,0.085206,0.49921,0.017949,0.048268,-0.51804,0.093087,0.18039,-0.34643,0.080312,0.18115,-0.22381,0.076006,0.19222,-0.058284,0.064196,0.19877,0.059427,0.065938,0.1969,0.22552,0.073663,0.19473,0.3473,0.081982,0.17863,0.51792,0.10423,0.17035,-0.50426,0.18349,0.28253,-0.36057,0.18299,0.29714,-0.21072,0.14664,0.31321,-0.075473,0.1456,0.3186,0.076202,0.14451,0.31994,0.21138,0.14584,0.31277,0.36336,0.17457,0.30407,0.50502,0.18609,0.27885,-0.5103,0.28624,0.39103,-0.35094,0.25684,0.40434,-0.21933,0.2377,0.42715,-0.064354,0.22932,0.43104,0.06602,0.22358,0.43462,0.21959,0.24427,0.42256,0.3536,0.25116,0.4073,0.51294,0.28035,0.39529,-0.50094,0.3776,0.49321,-0.36266,0.34392,0.53234,-0.21187,0.32873,0.53347,-0.073525,0.32252,0.54233,0.074479,0.32211,0.54275,0.21261,0.32919,0.53208,0.35973,0.36241,0.51721,0.50674,0.36327,0.50355,-0.50443,0.4656,0.61377,-0.35606,0.42611,0.63311,-0.21351,0.41987,0.64752,-0.068856,0.39764,0.66096,0.070727,0.39733,0.65999,0.21631,0.41518,0.65173,0.35499,0.43716,0.6219,0.50794,0.46017,0.61809,-0.50791,0.55227,0.7197,-0.35607,0.53143,0.74667,-0.21515,0.51048,0.75416,-0.068418,0.49797,0.7661,0.070292,0.49569,0.76831,0.21615,0.51184,0.751,0.35689,0.53479,0.74395,0.5106,0.54768,0.72222,-0.5,0.65046,0.83179,-0.35448,0.61633,0.8454,-0.20968,0.5963,0.87215,-0.07058,0.57212,0.88533,0.074175,0.56599,0.88861,0.21559,0.57579,0.88373,0.35941,0.60063,0.8551,0.5,0.65046,0.83179
-0.50195,0.056293,0.098962,-0.36128,0.069978,0.10413,-0.20911,0.029423,0.12523,-0.077613,0.026197,0.13321,0.077747,0.03143,0.12939,0.20572,0.05433,0.10352,0.36371,0.048737,0.12315,0.49847,0.070512,0.08473,-0.51838,0.15223,0.21271,-0.34596,0.14045,0.21384,-0.22449,0.13477,0.22597,-0.058088,0.12397,0.23303,0.058564,0.12595,0.22981,0.22537,0.13551,0.22723,0.3464,0.14086,0.21121,0.51794,0.16254,0.20333,-0.50395,0.24858,0.30922,-0.36059,0.24867,0.32468,-0.21105,0.21074,0.34405,-0.076153,0.211,0.34877,0.075938,0.21003,0.35051,0.21077,0.21023,0.34301,0.36326,0.23881,0.33408,0.50416,0.25018,0.30635,-0.50991,0.35651,0.4128,-0.35181,0.32349,0.43141,-0.21949,0.30821,0.45227,-0.064634,0.29786,0.45879,0.065729,0.29323,0.4608,0.21885,0.31654,0.44623,0.35348,0.31728,0.4342,0.5129,0.34655,0.42183,-0.50319,0.44567,0.51654,-0.36267,0.41976,0.55249,-0.21232,0.40193,0.55656,-0.073949,0.39654,0.56523,0.074069,0.39745,0.56506,0.21211,0.40417,0.55297,0.35965,0.43599,0.53805,0.50685,0.43372,0.52589,-0.5036,0.5471,0.62591,-0.35612,0.50668,0.64916,-0.2137,0.49841,0.66577,-0.069107,0.47738,0.68005,0.070624,0.47781,0.67738,0.21616,0.4951,0.66965,0.35425,0.51694,0.63624,0.50705,0.54059,0.63222,-0.5071,0.63942,0.72731,-0.35461,0.62059,0.75415,-0.21554,0.59416,0.76825,-0.068432,0.58213,0.78075,0.069857,0.58086,0.78285,0.21595,0.59658,0.76321,0.35624,0.62015,0.75526,0.50943,0.63534,0.72901,-0.5,0.73852,0.83866,-0.35415,0.70663,0.85184,-0.21032,0.68444,0.88247,-0.070682,0.66467,0.89433,0.074344,0.6594,0.89653,0.21593,0.6656,0.89425,0.35817,0.69336,0.85969,0.5,0.73852,0.83866
-0.50187,0.11347,0.12703,-0.36081,0.12664,0.13215,-0.20908,0.087233,0.15541,-0.077144,0.08457,0.16309,0.077577,0.092342,0.15619,0.20657,0.11217,0.13203,0.36407,0.10671,0.15135,0.4998,0.12584,0.11422,-0.51783,0.21473,0.23622,-0.3461,0.20279,0.2377,-0.22386,0.19736,0.25073,-0.058287,0.18597,0.25852,0.059309,0.18833,0.25533,0.22525,0.19838,0.25144,0.34734,0.20235,0.23694,0.51811,0.22358,0.22758,-0.50392,0.31505,0.3285,-0.36032,0.31439,0.34543,-0.21102,0.27772,0.36603,-0.07566,0.27777,0.37126,0.075959,0.27679,0.37277,0.21112,0.27865,0.3642,0.36384,0.30328,0.35624,0.50506,0.31469,0.3282,-0.50981,0.42564,0.4293,-0.35227,0.39261,0.44947,-0.21868,0.38216,0.46753,-0.064725,0.36749,0.47831,0.066116,0.36576,0.47853,0.21924,0.38639,0.46483,0.354,0.38809,0.45224,0.51292,0.41708,0.43782,-0.50363,0.51902,0.52909,-0.36147,0.4969,0.56405,-0.21276,0.47457,0.57317,-0.07363,0.4692,0.58269,0.073474,0.47404,0.57842,0.21212,0.482,0.56515,0.35967,0.50995,0.5509,0.50728,0.51029,0.53694,-0.50512,0.62181,0.63732,-0.35565,0.58717,0.65731,-0.21338,0.57908,0.67455,-0.068903,0.55801,0.69077,0.07071,0.55906,0.6874,0.21628,0.57609,0.67852,0.35405,0.59798,0.64407,0.50765,0.61643,0.643,-0.50777,0.71814,0.73431,-0.35468,0.70285,0.76066,-0.21522,0.67909,0.77302,-0.068328,0.66597,0.78881,0.069776,0.66573,0.78901,0.21648,0.67931,0.77111,0.35705,0.7,0.76307,0.51071,0.71355,0.73805,-0.5,0.82544,0.83795,-0.35596,0.78893,0.85814,-0.21098,0.77,0.88656,-0.070707,0.75493,0.89672,0.074432,0.74979,0.89881,0.21596,0.75483,0.89781,0.35827,0.78181,0.86229,0.5,0.82544,0.83795
-0.50293,0.17155,0.14711,-0.36136,0.18421,0.15128,-0.21032,0.14546,0.17678,-0.077832,0.14369,0.18391,0.076172,0.15253,0.17431,0.20635,0.16969,0.15287,0.36357,0.16594,0.16916,0.501,0.18154,0.13607,-0.51807,0.27836,0.25045,-0.34727,0.26572,0.25376,-0.22399,0.26082,0.2673,-0.059357,0.24935,0.27505,0.059456,0.25096,0.27297,0.22448,0.2596,0.26827,0.34763,0.26402,0.25458,0.5175,0.28412,0.2439,-0.50499,0.38092,0.34084,-0.36142,0.37926,0.35837,-0.21169,0.34494,0.37865,-0.076149,0.34587,0.38346,0.075281,0.34292,0.38619,0.21035,0.34741,0.37631,0.36342,0.36846,0.36869,0.50482,0.37992,0.34125,-0.51068,0.4929,0.43939,-0.35306,0.46159,0.46011,-0.21887,0.45422,0.47645,-0.065319,0.43786,0.48899,0.065667,0.43737,0.48875,0.21909,0.45454,0.47609,0.3536,0.4586,0.46217,0.51242,0.4862,0.44591,-0.50599,0.58827,0.5378,-0.36151,0.5733,0.56655,-0.21302,0.55031,0.57744,-0.074071,0.54372,0.58874,0.073098,0.54604,0.5864,0.2109,0.5586,0.56869,0.3597,0.5806,0.55794,0.50731,0.58125,0.54453,-0.50422,0.70061,0.63564,-0.35614,0.66344,0.6611,-0.21351,0.65809,0.67674,-0.06946,0.6354,0.69476,0.070063,0.63896,0.69038,0.21589,0.65326,0.68051,0.35341,0.67642,0.64586,0.50693,0.69475,0.64129,-0.50642,0.80338,0.72634,-0.35464,0.78791,0.75269,-0.21473,0.76134,0.77045,-0.069537,0.74728,0.78788,0.070063,0.74781,0.78789,0.21568,0.75874,0.77173,0.35614,0.78419,0.75736,0.50812,0.79883,0.73039,-0.5,0.91044,0.82967,-0.35478,0.87613,0.84916,-0.2124,0.85434,0.88357,-0.071038,0.84162,0.89152,0.073321,0.83614,0.89587,0.21494,0.84638,0.88901,0.35793,0.86804,0.85691,0.5,0.91044,0.82967
-0.5026,0.22934,0.15866,-0.36073,0.2412,0.1634,-0.20939,0.205,0.18898,-0.076736,0.20238,0.19801,0.076662,0.2125,0.18466,0.20754,0.22867,0.16538,0.36458,0.22445,0.18013,0.50311,0.23806,0.15051,-0.51766,0.3408,0.25675,-0.34748,0.32754,0.26224,-0.22335,0.32438,0.27471,-0.059328,0.31291,0.28316,0.060305,0.31304,0.28325,0.2248,0.32012,0.27839,0.3485,0.32633,0.26437,0.51781,0.34522,0.25233,-0.50463,0.44517,0.34529,-0.36186,0.44152,0.36597,-0.21061,0.41166,0.38293,-0.075421,0.41295,0.38867,0.076205,0.40808,0.39205,0.21077,0.41522,0.38139,0.36448,0.43274,0.37385,0.50547,0.44563,0.34649,-0.51096,0.55918,0.44111,-0.35317,0.5299,0.46262,-0.21891,0.52303,0.47879,-0.065215,0.50844,0.49088,0.065858,0.50791,0.49134,0.21932,0.52369,0.47821,0.3538,0.52886,0.4643,0.5128,0.554,0.44745,-0.50462,0.66103,0.53287,-0.3613,0.64702,0.56284,-0.21186,0.62357,0.57467,-0.073992,0.61809,0.58673,0.074267,0.61783,0.58541,0.21071,0.63214,0.56717,0.36082,0.65148,0.55586,0.50696,0.65617,0.53992,-0.50438,0.7748,0.62891,-0.35624,0.73858,0.65643,-0.21331,0.73653,0.66879,-0.069499,0.71326,0.68943,0.069942,0.71545,0.68696,0.21527,0.73231,0.67276,0.35302,0.75433,0.6389,0.50723,0.76845,0.6365,-0.50683,0.87725,0.72024,-0.35603,0.86489,0.74522,-0.21361,0.84101,0.76051,-0.070215,0.82794,0.77938,0.071145,0.82681,0.77939,0.21485,0.83976,0.7632,0.35811,0.85934,0.75041,0.5083,0.87539,0.72362,-0.5,0.99275,0.81404,-0.35541,0.95586,0.83962,-0.21365,0.93452,0.87379,-0.071139,0.92416,0.88105,0.072337,0.91928,0.88577,0.21388,0.93496,0.87313,0.35727,0.95245,0.84447,0.5,0.99275,0.81404
-0.50306,0.28589,0.16229,-0.36105,0.29746,0.16615,-0.20969,0.2629,0.19303,-0.077003,0.25958,0.20256,0.076094,0.27096,0.18752,0.20739,0.28522,0.16912,0.36432,0.28084,0.18431,0.50332,0.2926,0.15589,-0.51783,0.40103,0.25533,-0.34792,0.38741,0.26315,-0.22368,0.38396,0.27584,-0.059759,0.37381,0.28409,0.06014,0.37338,0.28446,0.22451,0.37925,0.28027,0.34838,0.38573,0.2657,0.51748,0.40394,0.25269,-0.50516,0.50735,0.34245,-0.3632,0.50093,0.36577,-0.2108,0.47555,0.38066,-0.075839,0.47723,0.38523,0.075982,0.47238,0.38944,0.21036,0.47858,0.3789,0.36418,0.49649,0.37007,0.50517,0.50782,0.34337,-0.51162,0.6233,0.43495,-0.35341,0.59633,0.45681,-0.21947,0.5889,0.47367,-0.065378,0.57665,0.4847,0.065526,0.57462,0.48649,0.21923,0.58944,0.47326,0.35354,0.59454,0.45925,0.51249,0.61951,0.44029,-0.50442,0.73043,0.52124,-0.36243,0.71527,0.55326,-0.21167,0.69511,0.56355,-0.07444,0.69063,0.57411,0.074581,0.68722,0.57706,0.20992,0.7018,0.55689,0.36111,0.71964,0.5466,0.50672,0.72268,0.53228,-0.50469,0.84695,0.61323,-0.35616,0.8129,0.64189,-0.2136,0.81016,0.6547,-0.069723,0.78704,0.67681,0.069511,0.78896,0.67468,0.21512,0.80495,0.65995,0.35231,0.82697,0.62471,0.50704,0.83921,0.62323,-0.50511,0.95746,0.6966,-0.35684,0.94076,0.72638,-0.21279,0.91865,0.74205,-0.071315,0.90372,0.76283,0.071474,0.90396,0.76232,0.21409,0.91454,0.74742,0.35783,0.93718,0.73033,0.50583,0.95592,0.6992,-0.5,1.0716,0.79147,-0.35439,1.0369,0.8169,-0.21415,1.014,0.85347,-0.071571,1.0001,0.86534,0.071337,1.0009,0.86483,0.21362,1.0161,0.85187,0.35418,1.0383,0.81636,0.5,1.0716,0.79147
-0.50257,0.34105,0.15907,-0.36068,0.35369,0.16228,-0.20921,0.31968,0.19034,-0.076708,0.31625,0.20084,0.076281,0.32897,0.18327,0.20772,0.34162,0.16585,0.3647,0.33602,0.18322,0.50356,0.34663,0.15431,-0.51751,0.4596,0.24846,-0.34746,0.4445,0.25749,-0.22349,0.4427,0.27045,-0.05917,0.4334,0.27719,0.06044,0.43295,0.2792,0.22513,0.43691,0.27544,0.34859,0.44483,0.26002,0.518,0.46181,0.24618,-0.50467,0.56896,0.33124,-0.36352,0.56084,0.35794,-0.21072,0.53698,0.37271,-0.075897,0.53893,0.37684,0.076139,0.53597,0.37973,0.21059,0.53978,0.37096,0.36425,0.55894,0.36036,0.50534,0.56802,0.33427,-0.51085,0.68861,0.41953,-0.35299,0.66066,0.44276,-0.21915,0.6541,0.4612,-0.065151,0.64094,0.47284,0.065814,0.64034,0.47507,0.21952,0.65382,0.46083,0.3541,0.65864,0.44821,0.51306,0.68251,0.4276,-0.50403,0.79656,0.50441,-0.36313,0.7806,0.53908,-0.21152,0.76325,0.54733,-0.075038,0.75702,0.56041,0.074423,0.75774,0.55874,0.21024,0.76798,0.54266,0.36076,0.78937,0.52656,0.50652,0.78852,0.51666,-0.50455,0.91707,0.59157,-0.3557,0.88305,0.62073,-0.21364,0.88099,0.6351,-0.069305,0.85859,0.65707,0.069549,0.86016,0.65629,0.21517,0.8769,0.63879,0.35284,0.89598,0.60595,0.50747,0.91023,0.60072,-0.50695,1.0244,0.67739,-0.3573,1.0129,0.70367,-0.21311,0.99296,0.71763,-0.071344,0.97879,0.73911,0.071205,0.97795,0.73945,0.2138,0.98962,0.72292,0.35781,1.0097,0.70723,0.50737,1.0227,0.68166,-0.5,1.1464,0.76256,-0.35664,1.1074,0.79508,-0.21279,1.0953,0.82271,-0.071595,1.076,0.84028,0.071417,1.078,0.83955,0.21344,1.0929,0.82498,0.35594,1.1103,0.7946,0.5,1.1464,0.76256
-0.50259,0.39316,0.14851,-0.36057,0.40621,0.15096,-0.20912,0.37296,0.17954,-0.076718,0.36869,0.19204,0.075854,0.38278,0.17207,0.2076,0.39371,0.15546,0.36442,0.38818,0.17418,0.50336,0.39743,0.14472,-0.51744,0.51439,0.23417,-0.34771,0.49847,0.24518,-0.22357,0.49707,0.25828,-0.059353,0.48889,0.26442,0.060483,0.48818,0.26646,0.225,0.4919,0.26299,0.34864,0.49913,0.24689,0.51798,0.51549,0.2333,-0.50454,0.6271,0.31252,-0.36369,0.6178,0.3417,-0.211,0.59508,0.35659,-0.075968,0.59611,0.36163,0.075816,0.59458,0.36348,0.21058,0.59756,0.35479,0.36401,0.61652,0.34424,0.50557,0.62356,0.31863,-0.51041,0.74845,0.39824,-0.3535,0.71977,0.42435,-0.21919,0.71457,0.44222,-0.065356,0.7031,0.45259,0.065932,0.70156,0.45592,0.21926,0.71486,0.44102,0.35427,0.71833,0.42872,0.51304,0.74144,0.40812,-0.50493,0.85831,0.48068,-0.36293,0.84429,0.51428,-0.2124,0.82507,0.52623,-0.074797,0.82193,0.53569,0.074022,0.82208,0.53506,0.21057,0.83128,0.51894,0.36047,0.85233,0.50256,0.50694,0.84996,0.49361,-0.50402,0.98227,0.56276,-0.35626,0.94755,0.59538,-0.21376,0.94692,0.60876,-0.069502,0.92552,0.63084,0.069651,0.9271,0.62974,0.21549,0.9412,0.61445,0.35363,0.95862,0.58149,0.5074,0.97595,0.57172,-0.50683,1.0937,0.64411,-0.35771,1.0796,0.67429,-0.21432,1.0591,0.69076,-0.070876,1.0494,0.70661,0.071069,1.0469,0.71011,0.214,1.0583,0.69164,0.35657,1.0814,0.67248,0.50726,1.0909,0.64881,-0.5,1.2163,0.72807,-0.35516,1.1819,0.75673,-0.21182,1.1702,0.78691,-0.07151,1.1482,0.80671,0.071785,1.1497,0.80734,0.21367,1.1631,0.79261,0.35594,1.1808,0.76023,0.5,1.2163,0.72807
-0.50239,0.44286,0.13177,-0.36041,0.45635,0.13454,-0.20871,0.42389,0.16275,-0.0765,0.41935,0.17708,0.075761,0.43424,0.15449,0.20762,0.44389,0.13849,0.3643,0.43799,0.15893,0.50318,0.44599,0.12877,-0.51745,0.56677,0.21436,-0.34771,0.55032,0.22563,-0.22373,0.5493,0.23939,-0.059419,0.54157,0.24525,0.060359,0.54067,0.24737,0.22489,0.54475,0.24387,0.34856,0.55031,0.22774,0.51797,0.56681,0.21433,-0.50422,0.68205,0.288,-0.36303,0.67325,0.31911,-0.21117,0.64997,0.33485,-0.075508,0.65009,0.34174,0.075583,0.64946,0.34205,0.21113,0.6519,0.3336,0.36394,0.67045,0.32307,0.50601,0.67702,0.29618,-0.51012,0.80515,0.372,-0.35384,0.77564,0.39975,-0.21909,0.7722,0.41659,-0.065388,0.76162,0.42627,0.066067,0.75905,0.43102,0.21899,0.77305,0.41486,0.35417,0.77545,0.40189,0.51307,0.79732,0.38318,-0.50435,0.91901,0.4479,-0.3614,0.90522,0.48406,-0.21334,0.88241,0.50099,-0.073773,0.88262,0.5071,0.07341,0.88189,0.50697,0.21154,0.89104,0.49001,0.35993,0.91157,0.47349,0.50757,0.91091,0.46066,-0.50316,1.0435,0.52992,-0.35694,1.0071,0.56556,-0.2139,1.0075,0.57872,-0.069571,0.98811,0.59947,0.070053,0.98932,0.59852,0.21568,1.0021,0.5846,0.35429,1.0178,0.5509,0.50714,1.0375,0.53842,-0.50804,1.1536,0.61163,-0.357,1.1417,0.64195,-0.21571,1.1206,0.65937,-0.069548,1.1154,0.67036,0.070366,1.1121,0.6747,0.21529,1.1225,0.65599,0.35541,1.1467,0.63465,0.50878,1.1511,0.61571,-0.5,1.2808,0.68892,-0.35425,1.2513,0.71266,-0.21043,1.24,0.74539,-0.071527,1.2164,0.76765,0.07274,1.2163,0.76992,0.21392,1.2281,0.75643,0.35687,1.245,0.72247,0.5,1.2808,0.68892
-0.50228,0.48852,0.10865,-0.36056,0.50218,0.11124,-0.20855,0.4706,0.13987,-0.076753,0.46523,0.15552,0.075385,0.48139,0.13083,0.20708,0.48951,0.1149,0.36378,0.48385,0.13706,0.50236,0.49032,0.10594,-0.51775,0.61446,0.18809,-0.34754,0.59862,0.19962,-0.22421,0.59694,0.21393,-0.059452,0.58975,0.22068,0.059785,0.58847,0.2219,0.22474,0.59363,0.21815,0.34804,0.59662,0.20255,0.51788,0.61349,0.18915,-0.50401,0.73185,0.2583,-0.363,0.72357,0.29042,-0.21126,0.70014,0.3073,-0.075636,0.69994,0.31447,0.075468,0.69934,0.31517,0.21094,0.70169,0.3055,0.3639,0.7199,0.29576,0.50577,0.72554,0.26742,-0.5099,0.85728,0.3388,-0.354,0.82766,0.36886,-0.21931,0.8241,0.38554,-0.065484,0.81479,0.39535,0.065899,0.81143,0.39977,0.21875,0.82621,0.38308,0.35385,0.82703,0.36931,0.51267,0.84963,0.35011,-0.50377,0.97305,0.41174,-0.3614,0.95869,0.45092,-0.21346,0.93688,0.46722,-0.073636,0.9371,0.47321,0.073258,0.93702,0.4725,0.2119,0.94444,0.45636,0.3599,0.96538,0.43915,0.50772,0.96419,0.42504,-0.50362,1.0977,0.49343,-0.35712,1.0633,0.52878,-0.21416,1.0619,0.5441,-0.069642,1.0449,0.56373,0.070175,1.0456,0.56153,0.21577,1.0581,0.54906,0.35477,1.0712,0.51495,0.50721,1.0924,0.50146,-0.50708,1.2128,0.56761,-0.35617,1.2,0.60127,-0.21617,1.178,0.62122,-0.069017,1.1737,0.63062,0.070107,1.1713,0.63421,0.21587,1.1806,0.61512,0.35529,1.2045,0.59382,0.50854,1.2109,0.56972,-0.5,1.3393,0.64615,-0.35346,1.3129,0.6664,-0.20942,1.3018,0.69985,-0.071427,1.2778,0.7255,0.073247,1.2766,0.72712,0.21413,1.2883,0.71458,0.35734,1.3031,0.67897,0.5,1.3393,0.64615
-0.50177,0.5298,0.07953,-0.36038,0.54396,0.081895,-0.2081,0.5129,0.11135,-0.076714,0.5071,0.12772,0.07539,0.52457,0.10118,0.20686,0.53106,0.085445,0.36367,0.5258,0.10969,0.50175,0.53093,0.077171,-0.51773,0.65754,0.15643,-0.34689,0.64214,0.16757,-0.22437,0.64042,0.18261,-0.059029,0.63349,0.18993,0.059497,0.63202,0.1907,0.22501,0.63786,0.18675,0.3477,0.63939,0.17116,0.51813,0.65644,0.15788,-0.50369,0.7766,0.22335,-0.36274,0.76915,0.25618,-0.21121,0.74545,0.27444,-0.07555,0.74513,0.28151,0.075523,0.74467,0.28293,0.21098,0.74658,0.27233,0.3639,0.76534,0.26273,0.50535,0.77066,0.23184,-0.5095,0.90448,0.30038,-0.35357,0.87514,0.33118,-0.2193,0.87084,0.3497,-0.065373,0.86189,0.36012,0.065892,0.8586,0.36377,0.21878,0.87382,0.34656,0.35372,0.87371,0.33202,0.51263,0.89666,0.31275,-0.5037,1.0205,0.37253,-0.36161,1.0062,0.41382,-0.21338,0.98688,0.42723,-0.073474,0.98522,0.43583,0.073105,0.98669,0.43353,0.21228,0.9923,0.41837,0.35963,1.0145,0.39953,0.5078,1.0119,0.38558,-0.50357,1.1474,0.45118,-0.35685,1.1142,0.48589,-0.21419,1.1111,0.5046,-0.069668,1.0957,0.52332,0.070339,1.0962,0.52032,0.21567,1.1093,0.50778,0.3551,1.12,0.47363,0.50689,1.1434,0.45774,-0.50766,1.2632,0.52419,-0.35578,1.2512,0.55867,-0.21679,1.2298,0.57816,-0.068477,1.2256,0.58747,0.069522,1.2247,0.58934,0.21659,1.2326,0.57102,0.35556,1.2549,0.55219,0.50966,1.2607,0.52693,-0.5,1.3912,0.60088,-0.35364,1.3657,0.62001,-0.20847,1.3564,0.65155,-0.071574,1.3321,0.6802,0.073655,1.3292,0.68206,0.21392,1.3419,0.66971,0.35796,1.3548,0.63401,0.5,1.3912,0.60088
-0.50168,0.56689,0.045056,-0.3605,0.58153,0.047086,-0.20813,0.55061,0.077378,-0.076984,0.54469,0.093913,0.075101,0.56288,0.066185,0.20645,0.56783,0.050632,0.36329,0.56338,0.076662,0.50098,0.5671,0.042826,-0.51782,0.69644,0.1196,-0.34657,0.68094,0.13011,-0.22456,0.6797,0.1458,-0.058877,0.67245,0.1536,0.059189,0.67095,0.15429,0.22507,0.67706,0.15005,0.34732,0.67779,0.13413,0.51817,0.69483,0.12096,-0.50364,0.81682,0.18337,-0.36251,0.81026,0.21657,-0.21147,0.78579,0.23639,-0.07559,0.78552,0.24315,0.075278,0.785,0.24549,0.21087,0.78648,0.23386,0.36357,0.80588,0.22457,0.50471,0.81078,0.19112,-0.50924,0.94618,0.25863,-0.35336,0.91707,0.28902,-0.21924,0.91223,0.30997,-0.065522,0.90333,0.32043,0.065993,0.90035,0.32351,0.21854,0.91586,0.30538,0.35372,0.91494,0.29053,0.51235,0.93826,0.27074,-0.50355,1.0634,0.32823,-0.36165,1.0488,0.37199,-0.21355,1.0311,0.38298,-0.07327,1.0279,0.39379,0.072692,1.0304,0.39055,0.21261,1.0344,0.37614,0.35913,1.0577,0.35637,0.50768,1.0544,0.34095,-0.5043,1.1895,0.40905,-0.35677,1.1586,0.43978,-0.21395,1.1547,0.46139,-0.069922,1.1401,0.47938,0.070693,1.1406,0.47579,0.21541,1.1538,0.4632,0.35549,1.1629,0.42865,0.50705,1.1857,0.41461,-0.50752,1.3094,0.47454,-0.35518,1.2964,0.51231,-0.2175,1.2757,0.53087,-0.067777,1.271,0.54102,0.068657,1.2714,0.54135,0.21733,1.278,0.52353,0.35513,1.2996,0.50617,0.50967,1.3074,0.47595,-0.5,1.436,0.55431,-0.35405,1.4108,0.57233,-0.20744,1.4039,0.60131,-0.071778,1.3792,0.63199,0.074205,1.3749,0.63432,0.21356,1.3888,0.62137,0.35869,1.3991,0.58628,0.5,1.436,0.55431
-0.50122,0.59972,0.0056534,-0.36002,0.61539,0.0076692,-0.20789,0.58398,0.038708,-0.076586,0.57886,0.054742,0.075387,0.59706,0.026373,0.20687,0.6007,0.011108,0.36352,0.59757,0.038967,0.50106,0.59979,0.0038527,-0.51738,0.73147,0.078098,-0.34623,0.7149,0.087627,-0.22407,0.71518,0.10376,-0.058536,0.70733,0.1115,0.059653,0.70578,0.11285,0.2254,0.71219,0.10853,0.34773,0.71251,0.091709,0.51852,0.73019,0.078993,-0.50354,0.8523,0.13909,-0.36128,0.84739,0.17243,-0.21179,0.82124,0.19406,-0.074766,0.82139,0.20074,0.074961,0.82071,0.20384,0.21167,0.82166,0.19179,0.36308,0.84262,0.18193,0.50477,0.84707,0.14606,-0.50845,0.98323,0.21342,-0.35307,0.95372,0.24221,-0.21849,0.949,0.266,-0.065743,0.93904,0.27724,0.066714,0.93679,0.27982,0.21823,0.95286,0.26066,0.35427,0.95145,0.24506,0.51208,0.97568,0.22541,-0.50411,1.1002,0.28182,-0.36054,1.0861,0.32723,-0.21433,1.0689,0.33688,-0.072083,1.0649,0.34962,0.07165,1.0683,0.34525,0.21378,1.0715,0.33086,0.35766,1.0967,0.30917,0.50837,1.0912,0.29539,-0.50309,1.2285,0.36053,-0.35687,1.1963,0.39082,-0.21332,1.1923,0.41603,-0.070414,1.1781,0.43276,0.071513,1.1791,0.42881,0.21496,1.1924,0.41632,0.35594,1.201,0.37984,0.50618,1.2252,0.36578,-0.50958,1.346,0.42787,-0.35377,1.3347,0.46588,-0.21921,1.3153,0.48126,-0.065928,1.3108,0.49173,0.066645,1.3122,0.49074,0.21912,1.3174,0.47421,0.35338,1.339,0.45819,0.5122,1.3424,0.43227,-0.5,1.4735,0.50768,-0.35491,1.4494,0.52119,-0.20623,1.4448,0.54975,-0.072488,1.4199,0.58083,0.075259,1.4127,0.58616,0.21255,1.4284,0.57226,0.36026,1.4356,0.53935,0.5,1.4735,0.50768
-0.50104,0.6278,-0.038504,-0.35971,0.64438,-0.03628,-0.20791,0.61223,-0.0049247,-0.076372,0.60789,0.010818,0.075337,0.62585,-0.01835,0.20708,0.62842,-0.032942,0.36348,0.6267,-0.0039356,0.50105,0.62763,-0.039898,-0.51711,0.76164,0.032006,-0.3463,0.7438,0.040694,-0.22376,0.74562,0.057431,-0.058588,0.73693,0.06506,0.05999,0.73564,0.067033,0.2254,0.7419,0.062575,0.34804,0.74216,0.044879,0.51857,0.76023,0.032397,-0.50364,0.88235,0.091141,-0.36021,0.87931,0.12404,-0.21221,0.8513,0.14706,-0.074163,0.85158,0.15433,0.074497,0.85078,0.15759,0.21224,0.8515,0.14529,0.36244,0.8737,0.13492,0.50475,0.87766,0.097424,-0.50773,1.0147,0.16485,-0.35309,0.98456,0.19192,-0.21783,0.98021,0.21862,-0.066264,0.96918,0.23004,0.067387,0.9677,0.2326,0.2176,0.98408,0.21206,0.35477,0.98235,0.19606,0.51153,1.0072,0.17629,-0.50465,1.1315,0.23178,-0.35952,1.1179,0.27862,-0.21521,1.1004,0.2875,-0.07103,1.0963,0.30109,0.070606,1.0998,0.29646,0.21467,1.103,0.28125,0.35631,1.1292,0.25918,0.50897,1.1219,0.24668,-0.50207,1.2609,0.31053,-0.35729,1.2273,0.33974,-0.21264,1.2239,0.368,-0.071142,1.2096,0.38332,0.072398,1.211,0.37968,0.21424,1.2244,0.36654,0.35641,1.2331,0.32836,0.50535,1.2574,0.31539,-0.51175,1.376,0.37992,-0.35225,1.3669,0.41621,-0.22083,1.3481,0.42898,-0.064169,1.3443,0.43897,0.064723,1.3459,0.43707,0.22075,1.3501,0.4224,0.35178,1.3713,0.40834,0.51401,1.3727,0.38422,-0.5,1.5032,0.46222,-0.35534,1.4813,0.46781,-0.20479,1.4789,0.49626,-0.073066,1.4528,0.52807,0.076132,1.4414,0.5378,0.2112,1.4601,0.52178,0.3612,1.4649,0.49096,0.5,1.5032,0.46222
-0.50082,0.65174,-0.086505,-0.35924,0.6696,-0.083908,-0.20793,0.6363,-0.052439,-0.07599,0.63316,-0.037253,0.075444,0.65038,-0.066796,0.20755,0.65242,-0.080893,0.36355,0.65202,-0.050805,0.5013,0.65182,-0.087397,-0.51689,0.78771,-0.017789,-0.34666,0.76845,-0.0099173,-0.22335,0.77213,0.0068874,-0.058824,0.76246,0.014755,0.060433,0.76122,0.017466,0.22524,0.76775,0.01288,0.34851,0.76754,-0.0054827,0.51847,0.7866,-0.017845,-0.50376,0.90779,0.040065,-0.35883,0.90716,0.072228,-0.21269,0.8768,0.096375,-0.07336,0.87743,0.10471,0.073941,0.87635,0.10787,0.21304,0.87697,0.095742,0.36174,0.90039,0.084744,0.50497,0.9041,0.045846,-0.50693,1.0417,0.11329,-0.35354,1.0103,0.13913,-0.2172,1.0066,0.16838,-0.067138,0.99456,0.17999,0.068067,0.99388,0.18221,0.2167,1.0107,0.16088,0.35527,1.0086,0.14392,0.5108,1.0342,0.12506,-0.50518,1.158,0.17897,-0.35834,1.1446,0.22829,-0.21642,1.1266,0.23564,-0.069746,1.1231,0.2499,0.069219,1.1265,0.2448,0.21583,1.1296,0.22959,0.35473,1.1565,0.20733,0.5096,1.1487,0.19461,-0.50177,1.2867,0.26094,-0.35819,1.2526,0.2872,-0.21215,1.2496,0.31855,-0.072301,1.2356,0.33198,0.073178,1.2375,0.32847,0.21314,1.251,0.31532,0.35671,1.2598,0.275,0.50458,1.2829,0.26694,-0.51404,1.4008,0.32972,-0.35039,1.3936,0.36528,-0.2229,1.3752,0.37443,-0.062155,1.3723,0.38408,0.062172,1.374,0.38138,0.22244,1.3775,0.36878,0.34929,1.3986,0.35633,0.51552,1.3977,0.33493,-0.5,1.5248,0.41913,-0.35599,1.508,0.41149,-0.20333,1.5074,0.4406,-0.074229,1.4796,0.47387,0.076608,1.4634,0.48768,0.209,1.4859,0.47022,0.36184,1.4872,0.4424,0.5,1.5248,0.41913
-0.50072,0.672,-0.13775,-0.35891,0.69117,-0.1346,-0.20807,0.65662,-0.10337,-0.075708,0.65508,-0.088748,0.075554,0.67093,-0.11832,0.20802,0.67315,-0.13195,0.36363,0.67346,-0.10121,0.50166,0.67273,-0.13801,-0.51696,0.80993,-0.070762,-0.34735,0.78944,-0.063432,-0.22324,0.7946,-0.046657,-0.059346,0.7842,-0.038729,0.060613,0.78279,-0.035049,0.22477,0.78981,-0.039903,0.34872,0.78914,-0.058562,0.51802,0.80929,-0.071041,-0.50392,0.92909,-0.013496,-0.35762,0.93107,0.01762,-0.21316,0.89833,0.042547,-0.072777,0.89935,0.05254,0.073343,0.89793,0.054961,0.21368,0.8986,0.043836,0.36105,0.92275,0.031796,0.50516,0.92673,-0.0079335,-0.50654,1.0645,0.059156,-0.35429,1.0319,0.084232,-0.21706,1.0286,0.11564,-0.068224,1.0159,0.12702,0.068277,1.0159,0.12914,0.21562,1.033,0.10734,0.35533,1.031,0.089393,0.50987,1.057,0.071749,-0.50608,1.1796,0.12506,-0.35735,1.1669,0.17562,-0.21764,1.1483,0.18157,-0.068742,1.1457,0.19647,0.067794,1.1486,0.19084,0.2167,1.1521,0.17609,0.35312,1.1793,0.15343,0.51007,1.171,0.14157,-0.50198,1.3079,0.20949,-0.35938,1.2731,0.23334,-0.21246,1.27,0.26812,-0.07361,1.2572,0.27823,0.073355,1.2592,0.27547,0.21186,1.2731,0.26206,0.35653,1.2822,0.22026,0.50355,1.3037,0.21708,-0.51699,1.4187,0.28162,-0.3493,1.4143,0.31516,-0.22493,1.3972,0.31786,-0.060759,1.3959,0.3272,0.05961,1.3973,0.32324,0.22357,1.4004,0.31394,0.34715,1.42,0.30449,0.5168,1.4169,0.28685,-0.5,1.5383,0.37955,-0.35774,1.5291,0.35533,-0.20288,1.5307,0.3831,-0.075581,1.5025,0.41656,0.076115,1.4798,0.43564,0.20595,1.5069,0.41697,0.36139,1.5042,0.39365,0.5,1.5383,0.37955
-0.50094,0.68988,-0.19135,-0.35894,0.70984,-0.18748,-0.20834,0.67446,-0.15697,-0.075615,0.67474,-0.14318,0.075726,0.68855,-0.17191,0.20846,0.69154,-0.1851,0.36383,0.69174,-0.15453,0.50217,0.69129,-0.19097,-0.51726,0.82943,-0.12603,-0.34816,0.80796,-0.11893,-0.22339,0.81406,-0.10245,-0.059999,0.80301,-0.094421,0.060479,0.80132,-0.089746,0.22412,0.80887,-0.094983,0.3486,0.80798,-0.1135,0.51731,0.82906,-0.12637,-0.50409,0.94764,-0.068726,-0.35666,0.95196,-0.039082,-0.21351,0.91725,-0.013599,-0.072423,0.91849,-0.001551,0.07284,0.91688,-0.00052076,0.21416,0.9176,-0.0098252,0.36054,0.94172,-0.023442,0.50536,0.94659,-0.06329,-0.50677,1.0841,0.0037005,-0.35498,1.0503,0.028281,-0.21756,1.0473,0.061162,-0.069111,1.0342,0.071891,0.067828,1.035,0.073675,0.21484,1.0519,0.052163,0.35484,1.0504,0.033314,0.50916,1.0766,0.016939,-0.50704,1.1977,0.070737,-0.35663,1.1857,0.12158,-0.21859,1.1669,0.12594,-0.068053,1.1651,0.14179,0.066608,1.1677,0.1352,0.21732,1.1714,0.1217,0.35194,1.198,0.098833,0.51048,1.1896,0.088443,-0.5036,1.3242,0.15932,-0.36044,1.29,0.17944,-0.21374,1.2859,0.21761,-0.074557,1.2758,0.22242,0.072677,1.2777,0.22087,0.21093,1.2919,0.20708,0.35589,1.3013,0.16514,0.50307,1.3207,0.16642,-0.51978,1.4304,0.23624,-0.34931,1.4294,0.26748,-0.22652,1.4154,0.25975,-0.060433,1.4165,0.26866,0.057665,1.4173,0.26339,0.22383,1.4203,0.25853,0.34601,1.4363,0.25397,0.51792,1.4284,0.24456,-0.5,1.5433,0.34453,-0.3609,1.5447,0.30273,-0.20404,1.5497,0.32471,-0.077066,1.5229,0.35647,0.074273,1.4937,0.38074,0.20269,1.5242,0.36278,0.35972,1.519,0.34463,0.5,1.5433,0.34453
-0.5016,0.70703,-0.2462,-0.35943,0.72608,-0.24222,-0.20867,0.69153,-0.21222,-0.075627,0.69345,-0.20093,0.076333,0.70458,-0.22631,0.20915,0.70844,-0.23896,0.3647,0.70768,-0.21072,0.50339,0.70862,-0.24562,-0.51726,0.84725,-0.18252,-0.34838,0.82547,-0.17514,-0.22329,0.8315,-0.15973,-0.060119,0.81965,-0.15117,0.060439,0.81773,-0.14572,0.22389,0.82553,-0.15166,0.34855,0.82538,-0.16918,0.51696,0.84652,-0.18295,-0.50405,0.96514,-0.12445,-0.35608,0.97036,-0.097278,-0.21328,0.93522,-0.070754,-0.07219,0.93645,-0.057665,0.073035,0.93504,-0.058085,0.21455,0.9356,-0.064962,0.36075,0.9585,-0.080966,0.50584,0.96483,-0.1196,-0.5075,1.1015,-0.051969,-0.35458,1.0672,-0.027205,-0.21847,1.0641,0.0052125,-0.068663,1.0505,0.015581,0.06678,1.053,0.015419,0.2157,1.0681,-0.0037502,0.35407,1.0686,-0.023256,0.50989,1.0935,-0.038812,-0.5076,1.213,0.018551,-0.35655,1.2014,0.06743,-0.2183,1.1841,0.070294,-0.067912,1.182,0.087326,0.066719,1.1855,0.078497,0.21763,1.1884,0.068334,0.35251,1.2131,0.04543,0.51094,1.2055,0.035651,-0.50675,1.336,0.1119,-0.36013,1.3051,0.12714,-0.21582,1.2983,0.16728,-0.073785,1.2932,0.16482,0.070948,1.295,0.16419,0.21175,1.3088,0.15049,0.35553,1.3178,0.1127,0.50539,1.3313,0.12084,-0.52084,1.4365,0.19609,-0.35085,1.4389,0.22409,-0.22646,1.4315,0.20132,-0.062176,1.4357,0.20982,0.058091,1.4358,0.20426,0.22253,1.439,0.2032,0.34759,1.4478,0.20642,0.51754,1.4322,0.20894,-0.5,1.54,0.315,-0.36443,1.5554,0.2584,-0.20754,1.5652,0.26691,-0.078447,1.5417,0.29565,0.071232,1.5105,0.32254,0.20193,1.5371,0.31003,0.35838,1.5327,0.29755,0.5,1.54,0.315
-0.50331,0.72555,-0.30115,-0.36092,0.74024,-0.29798,-0.20913,0.71005,-0.26897,-0.075757,0.71384,-0.26419,0.077667,0.72033,-0.28022,0.21042,0.72489,-0.29172,0.36668,0.72248,-0.27005,0.50589,0.72653,-0.30106,-0.51661,0.86476,-0.23916,-0.34769,0.84386,-0.23072,-0.22265,0.84823,-0.21779,-0.059359,0.83565,-0.20861,0.060747,0.83275,-0.20134,0.22435,0.84064,-0.20897,0.34882,0.84288,-0.22389,0.51717,0.86289,-0.23978,-0.50392,0.98344,-0.1788,-0.35626,0.98684,-0.15618,-0.2123,0.9539,-0.1275,-0.072194,0.95469,-0.1156,0.074305,0.95414,-0.11716,0.21481,0.95392,-0.12036,0.36188,0.9745,-0.14075,0.50655,0.98319,-0.17581,-0.50875,1.1176,-0.10584,-0.35216,1.0842,-0.080219,-0.21959,1.0804,-0.0521,-0.065921,1.0658,-0.040708,0.064748,1.0724,-0.046898,0.21884,1.0824,-0.059653,0.35268,1.0874,-0.078673,0.51257,1.1088,-0.094208,-0.50725,1.2263,-0.028072,-0.35743,1.2141,0.014806,-0.21558,1.2015,0.015698,-0.068674,1.196,0.036304,0.068903,1.2039,0.021056,0.21708,1.2031,0.018781,0.35527,1.2254,-0.0059009,0.51094,1.2188,-0.013177,-0.51183,1.341,0.072774,-0.35703,1.3204,0.078287,-0.21855,1.3082,0.11818,-0.070227,1.3107,0.10628,0.067713,1.313,0.10503,0.21533,1.3243,0.093117,0.35517,1.3325,0.066131,0.51051,1.3335,0.083519,-0.51739,1.4378,0.16325,-0.3541,1.4417,0.18744,-0.22333,1.4461,0.14746,-0.067383,1.4543,0.15279,0.062642,1.4548,0.14757,0.21875,1.4572,0.14988,0.35262,1.4526,0.1667,0.51349,1.4294,0.18003,-0.5,1.5283,0.29173,-0.36539,1.5608,0.2278,-0.21428,1.5759,0.21631,-0.078165,1.5607,0.23549,0.06735,1.5324,0.26218,0.20427,1.547,0.25914,0.35687,1.5388,0.26298,0.5,1.5283,0.29173
-0.50489,0.74807,-0.35521,-0.36265,0.75354,-0.3518,-0.20779,0.73495,-0.3318,-0.074777,0.74007,-0.33159,0.079645,0.74181,-0.33709,0.21252,0.74281,-0.34182,0.36972,0.73982,-0.33095,0.50938,0.74796,-0.35585,-0.5145,0.8839,-0.29506,-0.34501,0.86619,-0.2842,-0.22087,0.8658,-0.27332,-0.056564,0.8557,-0.26775,0.062097,0.8483,-0.25309,0.22608,0.85735,-0.26597,0.34977,0.86517,-0.27716,0.51872,0.8808,-0.29572,-0.50196,1.0042,-0.22907,-0.35761,1.0022,-0.21296,-0.20901,0.97497,-0.1813,-0.073143,0.97275,-0.1702,0.077817,0.97476,-0.17353,0.21412,0.97371,-0.17388,0.36467,0.99238,-0.20088,0.50699,1.0026,-0.227,-0.51027,1.1317,-0.15289,-0.34697,1.1036,-0.12861,-0.22044,1.0971,-0.10641,-0.060269,1.084,-0.098913,0.063231,1.0911,-0.10381,0.22386,1.0984,-0.11624,0.351,1.1094,-0.13021,0.51758,1.1217,-0.14298,-0.50425,1.2371,-0.064494,-0.3591,1.2269,-0.037491,-0.20794,1.2224,-0.038281,-0.070857,1.2089,-0.01097,0.074201,1.2255,-0.037621,0.21293,1.2172,-0.02737,0.36102,1.2352,-0.05107,0.50861,1.2271,-0.050364,-0.51444,1.3406,0.04221,-0.35025,1.3367,0.036051,-0.22012,1.3181,0.070063,-0.063828,1.3308,0.044589,0.064126,1.334,0.044002,0.22173,1.3361,0.041148,0.35416,1.3457,0.03009,0.51583,1.3287,0.054672,-0.50638,1.4289,0.14556,-0.35855,1.4352,0.15735,-0.21309,1.4582,0.10969,-0.075602,1.4701,0.10502,0.072947,1.4714,0.10282,0.2112,1.4692,0.10844,0.35862,1.4459,0.14142,0.50202,1.4199,0.15948,-0.5,1.5084,0.27535,-0.35898,1.5537,0.21953,-0.21956,1.5721,0.19599,-0.073392,1.5758,0.18539,0.065346,1.5621,0.20427,0.20981,1.5451,0.22296,0.35101,1.5348,0.24554,0.5,1.5084,0.27535
-0.50515,0.77373,-0.40905,-0.36344,0.77277,-0.40311,-0.20625,0.76538,-0.39668,-0.073664,0.76752,-0.39239,0.081124,0.76626,-0.3937,0.21396,0.7642,-0.39083,0.37162,0.76194,-0.38795,0.5113,0.77363,-0.40901,-0.51273,0.90658,-0.34733,-0.34247,0.89118,-0.33796,-0.21957,0.8871,-0.32396,-0.054431,0.87954,-0.32352,0.063065,0.87212,-0.30453,0.22743,0.88028,-0.32197,0.35051,0.8919,-0.32725,0.51987,0.90293,-0.34956,-0.50069,1.0253,-0.27425,-0.35905,1.0208,-0.26404,-0.20677,0.99782,-0.23166,-0.074269,0.99297,-0.22141,0.080205,0.99627,-0.22569,0.21309,0.99621,-0.22574,0.36693,1.0135,-0.25536,0.50707,1.0252,-0.27474,-0.5113,1.1486,-0.19532,-0.34284,1.1251,-0.17701,-0.2204,1.1183,-0.15691,-0.056141,1.1046,-0.1519,0.06184,1.118,-0.16056,0.22685,1.1201,-0.17206,0.35049,1.1312,-0.17192,0.52134,1.1341,-0.18377,-0.50172,1.2475,-0.096698,-0.36105,1.241,-0.08306,-0.20297,1.2456,-0.08927,-0.073382,1.2269,-0.060176,0.077983,1.2472,-0.089825,0.20878,1.2349,-0.074914,0.36561,1.2473,-0.091241,0.50617,1.2358,-0.082103,-0.51489,1.329,0.025523,-0.34647,1.34,0.010143,-0.21974,1.3273,0.028686,-0.059493,1.3491,-0.0042777,0.062727,1.3539,-0.0020634,0.2255,1.3451,0.0023502,0.35244,1.3505,0.009816,0.51803,1.3227,0.030405,-0.49731,1.4139,0.13468,-0.3625,1.4281,0.13268,-0.20498,1.4581,0.093606,-0.080258,1.4679,0.091075,0.080181,1.4725,0.084491,0.20497,1.4651,0.093009,0.36328,1.4361,0.12353,0.49495,1.4108,0.14189,-0.5,1.4804,0.26628,-0.34824,1.5209,0.23226,-0.21821,1.5522,0.19978,-0.06741,1.5676,0.17772,0.066247,1.5642,0.18844,0.21715,1.544,0.20228,0.34876,1.5243,0.23745,0.5,1.4804,0.26628
-0.50581,0.80272,-0.46156,-0.36407,0.79793,-0.44933,-0.20712,0.80014,-0.45869,-0.074277,0.79706,-0.44673,0.079903,0.79388,-0.4461,0.21341,0.78889,-0.4387,0.37023,0.79141,-0.44309,0.51103,0.80197,-0.46064,-0.51252,0.93405,-0.39683,-0.34331,0.91846,-0.38817,-0.21897,0.91367,-0.37321,-0.054884,0.90975,-0.37663,0.063115,0.89866,-0.35272,0.22611,0.9087,-0.37231,0.35059,0.91861,-0.37701,0.51911,0.92955,-0.39741,-0.50245,1.048,-0.31641,-0.35909,1.046,-0.31041,-0.20907,1.021,-0.27682,-0.074676,1.0207,-0.27348,0.078427,1.0241,-0.27832,0.21293,1.0227,-0.27651,0.36568,1.0401,-0.30469,0.50796,1.0498,-0.31926,-0.51289,1.1659,-0.22975,-0.34356,1.1471,-0.21993,-0.22082,1.1388,-0.19777,-0.056186,1.1318,-0.20084,0.061822,1.1458,-0.20946,0.22657,1.1462,-0.21721,0.35064,1.1523,-0.21386,0.52151,1.152,-0.22077,-0.50547,1.2577,-0.12513,-0.36148,1.2498,-0.11092,-0.20794,1.2676,-0.13096,-0.074013,1.2512,-0.10768,0.075988,1.2661,-0.12749,0.21082,1.258,-0.11943,0.36589,1.2596,-0.12189,0.50909,1.2459,-0.11197,-0.51303,1.3122,0.012538,-0.34797,1.3401,-0.0088071,-0.21897,1.335,-0.0045371,-0.059483,1.3596,-0.028007,0.064045,1.363,-0.02676,0.22552,1.355,-0.023143,0.35205,1.344,-0.0050052,0.51844,1.3243,0.0065001,-0.49612,1.3852,0.13037,-0.36134,1.4077,0.1257,-0.20656,1.4447,0.09092,-0.079556,1.4515,0.09222,0.079294,1.4562,0.08495,0.20555,1.4456,0.094139,0.36215,1.4127,0.11914,0.49588,1.3876,0.13399,-0.5,1.4445,0.26478,-0.34786,1.4842,0.23777,-0.21302,1.5085,0.21832,-0.065575,1.5389,0.19286,0.068869,1.5457,0.1927,0.21778,1.5198,0.20885,0.34943,1.4902,0.24055,0.5,1.4445,0.26478
-0.50499,0.83716,-0.51079,-0.36418,0.83189,-0.49353,-0.20723,0.83659,-0.51096,-0.075381,0.83002,-0.49397,0.079228,0.83028,-0.49575,0.21193,0.82163,-0.48563,0.36893,0.83001,-0.49224,0.50972,0.83634,-0.50851,-0.51444,0.96618,-0.44164,-0.34418,0.95304,-0.43338,-0.22063,0.94808,-0.4196,-0.055571,0.94518,-0.42154,0.062122,0.93339,-0.40083,0.22656,0.94357,-0.41565,0.35008,0.94996,-0.42261,0.5196,0.96369,-0.4398,-0.50377,1.0756,-0.35535,-0.36144,1.0721,-0.3431,-0.2094,1.0475,-0.3179,-0.075651,1.0525,-0.31863,0.077368,1.0618,-0.33043,0.21116,1.0556,-0.32336,0.36559,1.0722,-0.34282,0.50821,1.0745,-0.35225,-0.5148,1.182,-0.25475,-0.34641,1.1735,-0.25345,-0.22127,1.1608,-0.22964,-0.059204,1.1637,-0.24009,0.062457,1.1733,-0.24637,0.22475,1.1765,-0.25161,0.35185,1.177,-0.25073,0.52039,1.1748,-0.24835,-0.50908,1.2545,-0.13591,-0.36444,1.2616,-0.13203,-0.2113,1.2797,-0.14967,-0.075414,1.2744,-0.14126,0.075656,1.2777,-0.14468,0.21141,1.2732,-0.14343,0.36536,1.266,-0.13502,0.50985,1.2586,-0.13488,-0.5132,1.3069,0.0012994,-0.35104,1.3293,-0.014716,-0.21923,1.339,-0.01841,-0.06245,1.3539,-0.030273,0.065449,1.3583,-0.03054,0.22279,1.3486,-0.024957,0.35246,1.3266,-0.0096311,0.51613,1.3144,-0.0014508,-0.50023,1.3566,0.13123,-0.36267,1.3869,0.12355,-0.208,1.4116,0.10385,-0.078037,1.4318,0.096189,0.076618,1.4301,0.096415,0.20677,1.4112,0.10558,0.36188,1.3889,0.12275,0.50086,1.3647,0.13027,-0.5,1.4012,0.27086,-0.34863,1.4371,0.24919,-0.21362,1.474,0.23347,-0.066926,1.4976,0.21556,0.069687,1.508,0.21273,0.21613,1.481,0.22731,0.35172,1.449,0.24859,0.5,1.4012,0.27086
-0.50482,0.88062,-0.55417,-0.36444,0.87685,-0.53496,-0.20731,0.87854,-0.55214,-0.076261,0.87015,-0.53296,0.078416,0.87352,-0.53857,0.21031,0.86335,-0.52714,0.36727,0.87672,-0.53473,0.50793,0.87974,-0.55043,-0.51779,1.0044,-0.47582,-0.34666,0.99469,-0.46925,-0.22348,0.98967,-0.45974,-0.057627,0.98794,-0.45864,0.060589,0.98013,-0.44809,0.22629,0.98608,-0.45186,0.34919,0.9894,-0.46051,0.51983,1.0039,-0.4726,-0.50349,1.1072,-0.38242,-0.36322,1.1047,-0.36722,-0.20833,1.0781,-0.34947,-0.077505,1.0906,-0.35507,0.077153,1.1026,-0.36864,0.20844,1.0949,-0.36175,0.36582,1.11,-0.37179,0.50658,1.1036,-0.37511,-0.51587,1.1858,-0.25818,-0.35157,1.1982,-0.26944,-0.22133,1.1833,-0.25097,-0.063975,1.1966,-0.26433,0.063261,1.1967,-0.26522,0.22151,1.2039,-0.26756,0.35309,1.2007,-0.27122,0.51764,1.1959,-0.26149,-0.50849,1.253,-0.13666,-0.36573,1.2668,-0.13539,-0.21117,1.2833,-0.14969,-0.076594,1.2787,-0.14378,0.07566,1.2784,-0.14471,0.20999,1.2746,-0.14478,0.36515,1.2654,-0.13611,0.50836,1.2591,-0.13747,-0.51252,1.287,0.0062822,-0.35373,1.3127,-0.0085248,-0.21955,1.3319,-0.013572,-0.065575,1.3432,-0.020021,0.066079,1.3422,-0.0204,0.22042,1.3362,-0.014441,0.35203,1.3025,-0.0059241,0.5134,1.3011,0.0028547,-0.49978,1.3116,0.14295,-0.35998,1.3498,0.1372,-0.20976,1.3777,0.1201,-0.075719,1.4009,0.11404,0.074663,1.3964,0.11501,0.20833,1.3708,0.12288,0.36,1.349,0.13681,0.50227,1.3199,0.14121,-0.5,1.3507,0.28439,-0.35248,1.3945,0.26467,-0.21419,1.4288,0.25514,-0.068599,1.4499,0.24469,0.070416,1.4544,0.24233,0.21656,1.437,0.25098,0.35076,1.3887,0.26649,0.5,1.3507,0.28439
-0.50559,0.93497,-0.58811,-0.36344,0.9314,-0.57298,-0.20751,0.92912,-0.58152,-0.075504,0.91751,-0.56195,0.076882,0.92876,-0.57391,0.21002,0.91766,-0.5643,0.36559,0.93151,-0.56843,0.50773,0.93341,-0.58344,-0.51807,1.0478,-0.49632,-0.34915,1.0429,-0.49296,-0.22264,1.0394,-0.4884,-0.059379,1.0368,-0.48301,0.062444,1.0361,-0.4839,0.22528,1.0348,-0.47754,0.35109,1.04,-0.48902,0.52012,1.0475,-0.49111,-0.50427,1.1395,-0.39066,-0.36348,1.1403,-0.38156,-0.20816,1.1134,-0.36767,-0.0785,1.1343,-0.37951,0.076497,1.1423,-0.38468,0.20786,1.1362,-0.38217,0.36567,1.1487,-0.38484,0.50613,1.1384,-0.38628,-0.51463,1.189,-0.2532,-0.35466,1.2153,-0.26586,-0.22015,1.2054,-0.25642,-0.065319,1.2171,-0.26282,0.065162,1.2097,-0.26161,0.22037,1.2217,-0.26384,0.35498,1.2137,-0.26684,0.51702,1.2098,-0.25812,-0.50827,1.2417,-0.12324,-0.36539,1.2557,-0.12309,-0.21139,1.2751,-0.13302,-0.076578,1.2723,-0.13164,0.075398,1.2729,-0.1305,0.20969,1.2622,-0.13006,0.36403,1.2484,-0.12023,0.50744,1.2503,-0.12532,-0.51163,1.2599,0.021381,-0.35526,1.2878,0.010431,-0.21753,1.3,0.0095187,-0.0669,1.3198,0.0034848,0.067451,1.3158,0.002868,0.21901,1.3072,0.0088737,0.35353,1.2737,0.011995,0.51281,1.2771,0.01906,-0.50243,1.2758,0.16065,-0.36156,1.3155,0.15592,-0.21068,1.3339,0.14663,-0.074999,1.3569,0.14097,0.073678,1.3513,0.14397,0.20973,1.3291,0.14681,0.36102,1.314,0.15758,0.50473,1.2832,0.15847,-0.5,1.2936,0.30499,-0.35284,1.3382,0.29155,-0.21501,1.3792,0.28399,-0.069334,1.3959,0.27869,0.070562,1.3981,0.27616,0.21642,1.384,0.28232,0.35366,1.3404,0.28993,0.5,1.2936,0.30499
-0.50416,0.99726,-0.61134,-0.36196,0.99651,-0.59922,-0.20594,0.98969,-0.60051,-0.074323,0.97616,-0.57921,0.076289,0.99677,-0.60036,0.20894,0.98167,-0.58913,0.36458,0.99564,-0.59186,0.50694,0.99573,-0.60542,-0.51831,1.0979,-0.5065,-0.34936,1.0892,-0.49812,-0.22287,1.094,-0.50108,-0.059606,1.0923,-0.49423,0.062141,1.0938,-0.49901,0.2251,1.092,-0.49245,0.35118,1.0938,-0.50195,0.5204,1.0965,-0.49773,-0.50456,1.1564,-0.37891,-0.36505,1.1734,-0.37598,-0.20772,1.1519,-0.37183,-0.078409,1.174,-0.37859,0.077196,1.1742,-0.37809,0.20809,1.1708,-0.37879,0.36664,1.1758,-0.37415,0.5066,1.1666,-0.37891,-0.51504,1.1914,-0.23768,-0.35606,1.2166,-0.24562,-0.21992,1.2155,-0.24224,-0.065981,1.2247,-0.24421,0.065836,1.2209,-0.24596,0.2201,1.2275,-0.24324,0.35589,1.2193,-0.24829,0.51619,1.2031,-0.23589,-0.50677,1.2139,-0.099535,-0.36525,1.2373,-0.098689,-0.21105,1.254,-0.10615,-0.076517,1.2575,-0.10633,0.075549,1.2587,-0.10547,0.20946,1.2454,-0.10577,0.36295,1.2229,-0.095971,0.50619,1.234,-0.10076,-0.51021,1.2211,0.046134,-0.35561,1.252,0.03753,-0.21644,1.2655,0.037984,-0.067856,1.2901,0.033775,0.067938,1.2843,0.032338,0.21823,1.2762,0.038073,0.35228,1.2356,0.036615,0.51027,1.2325,0.046982,-0.50192,1.2193,0.18667,-0.35927,1.2591,0.18584,-0.21167,1.2876,0.17766,-0.07376,1.3081,0.17447,0.073309,1.3079,0.17596,0.21073,1.283,0.17652,0.35848,1.2559,0.18769,0.5019,1.2173,0.18514,-0.5,1.2303,0.33212,-0.3539,1.2766,0.32189,-0.21245,1.3055,0.32096,-0.069659,1.3349,0.31573,0.071071,1.3392,0.31267,0.21443,1.314,0.32037,0.3526,1.2711,0.32006,0.5,1.2303,0.33212
-0.50412,1.0686,-0.61476,-0.36169,1.07,-0.60433,-0.2054,1.0624,-0.60478,-0.073725,1.0451,-0.58488,0.0752,1.0751,-0.60738,0.20759,1.0561,-0.59708,0.36337,1.068,-0.59951,0.50601,1.0665,-0.60989,-0.51802,1.1455,-0.48955,-0.34912,1.1322,-0.48554,-0.22331,1.1472,-0.48709,-0.06021,1.1448,-0.4838,0.061571,1.1509,-0.48771,0.22445,1.1468,-0.48439,0.35079,1.1461,-0.49025,0.51978,1.144,-0.48519,-0.50755,1.1696,-0.35233,-0.36561,1.191,-0.34617,-0.20994,1.185,-0.3518,-0.076568,1.2015,-0.35161,0.07595,1.1969,-0.35118,0.21009,1.1941,-0.3521,0.36558,1.1881,-0.34545,0.50862,1.1825,-0.35198,-0.51544,1.1838,-0.20586,-0.35507,1.2039,-0.21286,-0.22012,1.2126,-0.2091,-0.065434,1.2198,-0.21132,0.065572,1.2182,-0.21147,0.22058,1.2182,-0.20921,0.35536,1.2083,-0.2127,0.51609,1.1891,-0.20494,-0.50766,1.1826,-0.067351,-0.36375,1.2063,-0.061624,-0.21205,1.2224,-0.069075,-0.075078,1.2328,-0.068008,0.074379,1.2337,-0.067994,0.21056,1.2159,-0.068566,0.36227,1.1982,-0.061938,0.5082,1.1994,-0.066368,-0.51009,1.182,0.079957,-0.35447,1.2028,0.072111,-0.2145,1.2164,0.07638,-0.068485,1.2495,0.072773,0.068252,1.2452,0.072883,0.21713,1.2315,0.075729,0.35323,1.1952,0.072376,0.51022,1.1879,0.080263,-0.50469,1.169,0.21817,-0.35986,1.2084,0.22338,-0.21286,1.2279,0.21635,-0.072894,1.2503,0.21684,0.071935,1.2477,0.2171,0.21272,1.231,0.21641,0.35878,1.2055,0.22329,0.50452,1.1687,0.21828,-0.5,1.1614,0.36507,-0.35353,1.2035,0.35731,-0.21221,1.2388,0.36142,-0.071103,1.2708,0.357,0.070716,1.2671,0.35722,0.21325,1.2422,0.36111,0.35364,1.2036,0.35763,0.5,1.1614,0.36507
-0.5043,1.1402,-0.59215,-0.36253,1.1423,-0.58139,-0.20539,1.1372,-0.58498,-0.07354,1.1197,-0.5707,0.075727,1.1581,-0.58656,0.20699,1.1337,-0.5812,0.36389,1.1451,-0.58118,0.50581,1.1393,-0.58924,-0.51902,1.1788,-0.4492,-0.34841,1.1736,-0.45365,-0.22431,1.186,-0.44891,-0.059867,1.1911,-0.45066,0.06043,1.1919,-0.44988,0.22493,1.1903,-0.44928,0.34927,1.1805,-0.45279,0.51969,1.183,-0.44853,-0.50744,1.1671,-0.31169,-0.3648,1.1905,-0.30126,-0.21076,1.1996,-0.3089,-0.075494,1.2089,-0.30536,0.075702,1.2092,-0.30585,0.211,1.2004,-0.30786,0.36496,1.1894,-0.30134,0.50881,1.1769,-0.31031,-0.51501,1.1645,-0.16332,-0.35394,1.1861,-0.16994,-0.21989,1.1919,-0.16421,-0.065089,1.2093,-0.16655,0.064868,1.2098,-0.16567,0.22036,1.1993,-0.16411,0.3541,1.1903,-0.16827,0.51489,1.1659,-0.163,-0.50822,1.1519,-0.026529,-0.36182,1.1686,-0.017391,-0.2123,1.1901,-0.023331,-0.074131,1.2057,-0.020044,0.073525,1.2005,-0.020642,0.21075,1.1783,-0.023823,0.36183,1.1696,-0.017697,0.50868,1.1575,-0.024987,-0.5085,1.1255,0.1196,-0.35373,1.1518,0.11295,-0.21379,1.1659,0.11974,-0.068344,1.2014,0.11893,0.068448,1.2032,0.11954,0.21638,1.1816,0.12028,0.35227,1.1443,0.11329,0.50924,1.137,0.12109,-0.50462,1.103,0.25529,-0.35747,1.1398,0.26609,-0.21425,1.1703,0.26073,-0.071478,1.1881,0.26508,0.071298,1.1869,0.26394,0.21436,1.1717,0.26185,0.35715,1.14,0.26544,0.50521,1.1056,0.25643,-0.5,1.0876,0.40296,-0.3568,1.138,0.39777,-0.21164,1.1571,0.40513,-0.071188,1.1877,0.40406,0.071617,1.194,0.40421,0.21207,1.163,0.40548,0.35538,1.1332,0.39851,0.5,1.0876,0.40296
-0.50598,1.2002,-0.53977,-0.36244,1.2036,-0.53199,-0.20718,1.2019,-0.53586,-0.072479,1.1882,-0.53176,0.075265,1.23,-0.5327,0.20797,1.2031,-0.53737,0.36322,1.21,-0.5295,0.50654,1.2033,-0.54009,-0.51739,1.1906,-0.39355,-0.35007,1.196,-0.39722,-0.22201,1.2068,-0.39152,-0.061456,1.2196,-0.39126,0.063097,1.212,-0.39086,0.22426,1.2103,-0.39063,0.35209,1.1959,-0.39719,0.51951,1.1941,-0.39293,-0.50692,1.1596,-0.25776,-0.36365,1.1816,-0.24772,-0.21072,1.1964,-0.25093,-0.074456,1.2029,-0.24962,0.075694,1.2106,-0.24727,0.21136,1.1977,-0.25286,0.36406,1.182,-0.2455,0.50776,1.1639,-0.25815,-0.51187,1.1344,-0.11315,-0.35399,1.1594,-0.1147,-0.2165,1.1639,-0.1098,-0.065921,1.1895,-0.10727,0.06752,1.1924,-0.10644,0.21883,1.1722,-0.10795,0.35615,1.1648,-0.11374,0.51266,1.1319,-0.11379,-0.50775,1.1126,0.024348,-0.36031,1.1184,0.030109,-0.21096,1.1425,0.029758,-0.073522,1.1622,0.032757,0.074207,1.1664,0.034779,0.21149,1.1463,0.028106,0.36097,1.1236,0.033101,0.50721,1.1082,0.022283,-0.50704,1.075,0.16672,-0.35503,1.1056,0.16469,-0.21226,1.1155,0.172,-0.068567,1.1476,0.17495,0.070669,1.154,0.17643,0.21299,1.1163,0.17234,0.35434,1.0953,0.16281,0.50867,1.0811,0.16768,-0.50689,1.0467,0.303,-0.35884,1.0805,0.31293,-0.21457,1.1034,0.31275,-0.071301,1.1201,0.31507,0.07121,1.1188,0.31584,0.21452,1.1019,0.31025,0.35945,1.0834,0.31483,0.50682,1.0461,0.30175,-0.5,1.0096,0.44479,-0.35489,1.0535,0.44529,-0.21058,1.0778,0.45509,-0.06933,1.103,0.45724,0.0729,1.1209,0.45817,0.21223,1.0859,0.4567,0.35512,1.0538,0.44444,0.5,1.0096,0.44479
-0.50753,1.2363,-0.46635,-0.36402,1.2427,-0.45774,-0.20887,1.2385,-0.46455,-0.073744,1.2362,-0.46399,0.075702,1.2666,-0.45534,0.20891,1.2463,-0.46581,0.36395,1.2462,-0.45423,0.50722,1.2401,-0.46666,-0.51676,1.1847,-0.32873,-0.35024,1.2003,-0.33041,-0.22199,1.2095,-0.32357,-0.061823,1.2243,-0.32136,0.062793,1.2187,-0.32294,0.22355,1.2101,-0.32285,0.35158,1.1986,-0.33209,0.51824,1.1829,-0.32967,-0.50672,1.1433,-0.19637,-0.36232,1.1614,-0.18468,-0.21099,1.1829,-0.18441,-0.073236,1.1795,-0.18533,0.075028,1.1997,-0.17881,0.21072,1.1806,-0.18827,0.3628,1.1663,-0.18151,0.50535,1.1393,-0.19967,-0.51157,1.1031,-0.054899,-0.35336,1.1278,-0.054698,-0.21572,1.1279,-0.05062,-0.06585,1.1596,-0.043573,0.067249,1.1646,-0.042929,0.21873,1.1439,-0.045275,0.35513,1.1312,-0.055263,0.51179,1.0982,-0.056856,-0.50705,1.0648,0.078482,-0.3581,1.0699,0.085164,-0.21215,1.1029,0.089298,-0.072514,1.1194,0.093607,0.073204,1.1265,0.097224,0.21166,1.1032,0.086554,0.35931,1.0803,0.090152,0.5066,1.0613,0.075329,-0.5065,1.0176,0.21787,-0.35301,1.0368,0.21539,-0.21361,1.0675,0.22897,-0.068867,1.0917,0.23355,0.070749,1.0959,0.23438,0.21215,1.0564,0.22677,0.35479,1.0433,0.21589,0.5069,1.016,0.21699,-0.50683,0.97209,0.34933,-0.35711,1.0076,0.36359,-0.21567,1.0327,0.36633,-0.069841,1.048,0.36975,0.070009,1.0499,0.37225,0.21521,1.0307,0.36261,0.35521,0.99777,0.36308,0.50782,0.97675,0.34853,-0.5,0.92791,0.48946,-0.35571,0.9703,0.49274,-0.21019,0.99341,0.5049,-0.070773,1.0218,0.5101,0.073371,1.0302,0.51137,0.21359,1.0066,0.50829,0.35866,0.98157,0.49348,0.5,0.92791,0.48946
-0.5069,1.2429,-0.38474,-0.36533,1.254,-0.37076,-0.20907,1.2477,-0.38328,-0.075816,1.2559,-0.37909,0.076826,1.2719,-0.37078,0.20962,1.2608,-0.38033,0.36581,1.2501,-0.37224,0.50787,1.2437,-0.38515,-0.51684,1.1666,-0.258,-0.3486,1.1886,-0.2559,-0.22316,1.1955,-0.24881,-0.06018,1.2076,-0.24603,0.061055,1.2039,-0.24873,0.22433,1.1941,-0.24893,0.3494,1.186,-0.25959,0.51727,1.1604,-0.26129,-0.50553,1.1186,-0.12891,-0.36196,1.1335,-0.11365,-0.21015,1.1587,-0.11221,-0.073258,1.1482,-0.11457,0.075671,1.1713,-0.10656,0.21062,1.1542,-0.11685,0.36373,1.139,-0.11211,0.50437,1.1098,-0.13442,-0.51112,1.0579,0.0061314,-0.35118,1.083,0.0084796,-0.21561,1.0862,0.013632,-0.064689,1.1214,0.025468,0.066421,1.1262,0.025572,0.21948,1.1042,0.021944,0.35375,1.0919,0.0089388,0.51109,1.0548,0.0042348,-0.5057,1.02,0.1391,-0.35715,1.0145,0.14544,-0.21055,1.048,0.15017,-0.073087,1.0709,0.16019,0.073715,1.0718,0.16087,0.21239,1.0549,0.15101,0.3612,1.0336,0.15245,0.50625,1.0081,0.13276,-0.50668,0.95699,0.27336,-0.35243,0.97661,0.27251,-0.21451,1.0082,0.28883,-0.068027,1.0272,0.29495,0.070549,1.0321,0.29507,0.2129,0.99312,0.28518,0.35396,0.9789,0.27033,0.50845,0.96093,0.27486,-0.5074,0.90792,0.40223,-0.35417,0.92309,0.4155,-0.21611,0.96253,0.4228,-0.069579,0.9687,0.42653,0.070302,0.97153,0.42779,0.21437,0.94636,0.41528,0.3566,0.92449,0.41546,0.50996,0.90957,0.40163,-0.5,0.84341,0.53577,-0.35603,0.88853,0.54373,-0.21056,0.91189,0.558,-0.070419,0.93695,0.56475,0.073911,0.93689,0.5634,0.21668,0.93595,0.56282,0.35766,0.89456,0.54246,0.5,0.84341,0.53577
-0.50554,1.2258,-0.3071,-0.36521,1.2396,-0.28702,-0.20857,1.2359,-0.30242,-0.07624,1.2478,-0.29229,0.077519,1.255,-0.28926,0.21041,1.2484,-0.29362,0.36649,1.2305,-0.29337,0.50786,1.2204,-0.30696,-0.51694,1.1406,-0.18475,-0.34799,1.1633,-0.18225,-0.22352,1.1669,-0.17165,-0.059545,1.1772,-0.17148,0.06051,1.1768,-0.16952,0.22415,1.1632,-0.1757,0.34866,1.1592,-0.18207,0.51597,1.1278,-0.19136,-0.5061,1.0831,-0.060882,-0.36261,1.0946,-0.043499,-0.21008,1.1178,-0.042908,-0.073524,1.1076,-0.04373,0.075667,1.1303,-0.035146,0.21084,1.1172,-0.04337,0.36411,1.1009,-0.041411,0.50326,1.0687,-0.066794,-0.51252,1.0177,0.073317,-0.35169,1.0377,0.073028,-0.21642,1.0356,0.081112,-0.065133,1.071,0.092583,0.065563,1.0762,0.097393,0.21905,1.0568,0.088983,0.35315,1.0445,0.078507,0.51205,1.014,0.070589,-0.5075,0.95782,0.19608,-0.36045,0.96481,0.20998,-0.21226,0.99449,0.21319,-0.073957,1.0076,0.22337,0.073486,1.0089,0.22279,0.21281,1.0011,0.21776,0.36188,0.97798,0.21568,0.5065,0.95457,0.19509,-0.50605,0.88986,0.329,-0.35174,0.89962,0.32219,-0.21264,0.92754,0.34531,-0.070012,0.96154,0.3559,0.069782,0.95969,0.35782,0.21076,0.92157,0.34007,0.35387,0.91237,0.33075,0.50657,0.88964,0.32815,-0.50975,0.82787,0.45119,-0.35883,0.85168,0.46969,-0.21617,0.87622,0.47338,-0.071155,0.88828,0.48162,0.069824,0.8874,0.48047,0.21328,0.86512,0.46868,0.35508,0.83652,0.46321,0.5085,0.82879,0.45198,-0.5,0.75683,0.58251,-0.35814,0.8087,0.59256,-0.21275,0.82445,0.61187,-0.071414,0.84429,0.6149,0.0723,0.84941,0.61886,0.21488,0.84167,0.61217,0.35791,0.81085,0.59411,0.5,0.75683,0.58251
-0.50356,1.1892,-0.23371,-0.36404,1.2055,-0.20806,-0.20768,1.2051,-0.22344,-0.075214,1.2164,-0.21136,0.078429,1.2193,-0.21116,0.21184,1.2183,-0.21173,0.36696,1.1953,-0.21787,0.50738,1.1792,-0.23635,-0.51731,1.1034,-0.11138,-0.34829,1.123,-0.10878,-0.2232,1.1246,-0.098896,-0.059665,1.1348,-0.097391,0.06096,1.1331,-0.096841,0.2244,1.1225,-0.1021,0.3495,1.1197,-0.10892,0.5154,1.085,-0.12242,-0.50496,1.0353,0.0065258,-0.36217,1.0483,0.027605,-0.20909,1.068,0.026033,-0.072735,1.0575,0.025788,0.07689,1.078,0.033862,0.21237,1.0691,0.027468,0.3659,1.0542,0.027996,0.50463,1.0225,0.00074648,-0.5122,0.96154,0.13667,-0.35239,0.98394,0.13944,-0.21628,0.97956,0.14617,-0.065411,1.0126,0.1597,0.066257,1.0159,0.16306,0.21958,1.0011,0.15623,0.35397,0.98641,0.14225,0.51146,0.95342,0.13135,-0.50675,0.89338,0.25465,-0.35994,0.90265,0.27234,-0.21176,0.93105,0.27522,-0.072301,0.93707,0.28393,0.074821,0.93905,0.2824,0.21467,0.93499,0.27997,0.36405,0.91641,0.27712,0.50813,0.89029,0.25429,-0.50591,0.8177,0.38382,-0.35202,0.82837,0.37788,-0.21109,0.84949,0.39968,-0.069792,0.88608,0.41505,0.070441,0.88106,0.41413,0.21198,0.84687,0.39635,0.35589,0.84309,0.38796,0.5085,0.82289,0.38597,-0.50837,0.74519,0.49993,-0.35723,0.7694,0.52197,-0.2154,0.79355,0.52528,-0.069245,0.80281,0.53436,0.070713,0.79927,0.53034,0.21589,0.78199,0.52084,0.3576,0.7581,0.51434,0.51276,0.75781,0.5079,-0.5,0.66895,0.62844,-0.35617,0.7128,0.6383,-0.21182,0.73546,0.66186,-0.070786,0.7538,0.66606,0.073304,0.76344,0.66958,0.21435,0.7464,0.66165,0.36027,0.72927,0.64547,0.5,0.66895,0.62844
-0.5038,1.1399,-0.16548,-0.36448,1.1583,-0.13824,-0.20823,1.1587,-0.15126,-0.075563,1.1714,-0.13944,0.077835,1.1693,-0.14068,0.2115,1.1756,-0.13849,0.36547,1.1473,-0.14731,0.50436,1.1266,-0.17308,-0.51695,1.0535,-0.043218,-0.34842,1.0736,-0.041414,-0.22283,1.0728,-0.03072,-0.059775,1.0824,-0.030351,0.061348,1.0809,-0.028249,0.22442,1.0719,-0.034021,0.35012,1.0691,-0.041014,0.51516,1.0339,-0.057664,-0.50603,0.97764,0.069755,-0.36261,0.99207,0.091342,-0.21031,1.0112,0.092358,-0.073043,1.0019,0.089844,0.076026,1.0186,0.099517,0.21236,1.0115,0.090619,0.36516,0.99824,0.094258,0.5035,0.96559,0.061837,-0.51174,0.89943,0.19755,-0.35252,0.92174,0.19893,-0.21581,0.9172,0.20779,-0.065674,0.95006,0.22191,0.066801,0.94967,0.225,0.21957,0.9372,0.21757,0.35519,0.92617,0.20497,0.51253,0.89575,0.19249,-0.50855,0.82492,0.3114,-0.35953,0.83089,0.32601,-0.21375,0.86176,0.33449,-0.072114,0.86687,0.34036,0.073068,0.86216,0.33722,0.21494,0.86144,0.33378,0.3629,0.84567,0.33498,0.50857,0.82209,0.30888,-0.50613,0.74355,0.43711,-0.35322,0.76063,0.4338,-0.20962,0.76702,0.44903,-0.069353,0.80575,0.46781,0.071103,0.80197,0.46783,0.21174,0.76581,0.44631,0.35622,0.76668,0.44066,0.50829,0.74393,0.43524,-0.51019,0.66747,0.5499,-0.35464,0.674,0.56369,-0.21664,0.70746,0.57349,-0.068736,0.71789,0.58297,0.069259,0.71216,0.57842,0.21678,0.69934,0.56848,0.35601,0.67129,0.56068,0.5127,0.67138,0.5528,-0.5,0.58056,0.67235,-0.35648,0.62507,0.68338,-0.20956,0.63789,0.70416,-0.070764,0.6637,0.71339,0.074386,0.67146,0.71599,0.21549,0.66423,0.71102,0.36042,0.63863,0.68989,0.5,0.58056,0.67235
-0.50336,1.0824,-0.10332,-0.36431,1.1011,-0.075275,-0.20789,1.1015,-0.08741,-0.075338,1.1148,-0.075779,0.078027,1.1082,-0.079084,0.21123,1.1216,-0.072896,0.36462,1.0898,-0.083104,0.50162,1.0655,-0.11521,-0.51711,0.99433,0.016977,-0.34831,1.0128,0.020164,-0.22299,1.0147,0.031384,-0.059702,1.0222,0.032924,0.061234,1.0215,0.033709,0.2246,1.0126,0.029607,0.35006,1.0104,0.019795,0.51531,0.97508,0.0030761,-0.50661,0.9176,0.13011,-0.36276,0.92764,0.14915,-0.21038,0.94735,0.15237,-0.073385,0.94108,0.15016,0.076296,0.95324,0.15931,0.21241,0.94769,0.1493,0.36543,0.93467,0.15462,0.50304,0.90288,0.11908,-0.51196,0.83142,0.25186,-0.35285,0.85223,0.25494,-0.21583,0.84913,0.26295,-0.065741,0.87919,0.27979,0.067034,0.87963,0.28111,0.2193,0.86448,0.27338,0.35567,0.85953,0.26067,0.51145,0.8241,0.2457,-0.50937,0.75619,0.36617,-0.35975,0.75825,0.37816,-0.2142,0.78832,0.38821,-0.071865,0.78921,0.39079,0.072986,0.7833,0.38694,0.2149,0.77976,0.38025,0.36309,0.77184,0.38834,0.50812,0.74633,0.35815,-0.50596,0.66174,0.48177,-0.35363,0.68209,0.48357,-0.20941,0.68639,0.49537,-0.069006,0.72203,0.51754,0.071657,0.71916,0.51462,0.21154,0.68125,0.49312,0.3561,0.68608,0.48604,0.50888,0.66866,0.48608,-0.51058,0.58439,0.59458,-0.35378,0.58553,0.60478,-0.21595,0.61583,0.61492,-0.067581,0.62773,0.62479,0.069755,0.62561,0.62322,0.218,0.613,0.61151,0.35711,0.58741,0.60581,0.51467,0.59412,0.60071,-0.5,0.49246,0.71306,-0.35698,0.53801,0.72663,-0.21004,0.55278,0.74778,-0.070322,0.56982,0.75568,0.075007,0.58032,0.75852,0.21608,0.57906,0.75671,0.36049,0.55113,0.73214,0.5,0.49246,0.71306
-0.50345,1.0191,-0.048816,-0.36452,1.0383,-0.01919,-0.2086,1.0373,-0.033545,-0.075786,1.0507,-0.021365,0.077062,1.041,-0.027642,0.21016,1.0585,-0.01816,0.36304,1.0261,-0.028985,0.49978,1.0014,-0.063043,-0.51773,0.9295,0.069985,-0.34948,0.94789,0.074996,-0.22334,0.94908,0.085462,-0.060623,0.95631,0.087496,0.061042,0.95686,0.088928,0.22389,0.94794,0.084018,0.35003,0.94564,0.073433,0.51525,0.91269,0.056243,-0.50655,0.8503,0.18157,-0.3636,0.8588,0.20094,-0.21059,0.88085,0.20468,-0.07463,0.87883,0.20551,0.076389,0.8852,0.21103,0.21152,0.88071,0.20127,0.3653,0.86579,0.20578,0.50113,0.83346,0.1676,-0.51148,0.76292,0.30211,-0.3543,0.78136,0.30599,-0.21433,0.77473,0.30922,-0.067311,0.80459,0.32968,0.068186,0.8072,0.33165,0.21742,0.78893,0.32039,0.35681,0.78889,0.31081,0.50963,0.75237,0.29263,-0.50756,0.68333,0.4139,-0.36018,0.67091,0.41476,-0.21214,0.70472,0.42853,-0.073104,0.70746,0.43265,0.074953,0.71016,0.43502,0.21306,0.70217,0.42427,0.36413,0.69563,0.43432,0.50711,0.67451,0.40512,-0.50479,0.58395,0.52574,-0.35608,0.61248,0.53256,-0.20853,0.60463,0.53907,-0.070849,0.63897,0.55996,0.072796,0.63474,0.55779,0.20948,0.59822,0.53322,0.35689,0.60333,0.52609,0.50708,0.58653,0.52597,-0.51246,0.50174,0.63533,-0.3555,0.50512,0.64391,-0.2155,0.52207,0.64909,-0.067813,0.54032,0.66126,0.069168,0.53481,0.65891,0.21809,0.52582,0.64794,0.35689,0.49979,0.64152,0.51463,0.50593,0.63637,-0.5,0.40545,0.74951,-0.35663,0.44891,0.7624,-0.2106,0.46821,0.78708,-0.071035,0.48579,0.79491,0.0747,0.49029,0.79573,0.21549,0.48856,0.79326,0.36036,0.46343,0.76792,0.5,0.40545,0.74951
-0.50311,0.955,-0.0017914,-0.36362,0.9701,0.026852,-0.20753,0.97028,0.013065,-0.0752,0.98522,0.027387,0.076991,0.96844,0.014964,0.20924,0.99136,0.028814,0.36234,0.95931,0.017363,0.49912,0.93612,-0.017263,-0.51812,0.86286,0.11566,-0.34951,0.88013,0.1198,-0.22365,0.88072,0.13051,-0.060706,0.88845,0.13383,0.060742,0.88919,0.13534,0.22387,0.87906,0.12962,0.34975,0.87816,0.11849,0.51541,0.84625,0.10145,-0.50652,0.78165,0.22505,-0.36327,0.78877,0.24552,-0.21054,0.81038,0.24887,-0.074468,0.8118,0.2528,0.07634,0.8147,0.25565,0.21172,0.80974,0.24545,0.36504,0.79332,0.24831,0.50194,0.76406,0.21031,-0.51187,0.68853,0.34194,-0.355,0.70898,0.34732,-0.21491,0.70232,0.3506,-0.067455,0.72888,0.37072,0.068113,0.73139,0.37268,0.21792,0.71767,0.36452,0.35721,0.71549,0.35194,0.50912,0.67681,0.33148,-0.50769,0.60685,0.45181,-0.35925,0.59227,0.45111,-0.21244,0.62558,0.46608,-0.072287,0.62584,0.46836,0.074674,0.63034,0.47203,0.21367,0.62193,0.45995,0.36368,0.61638,0.47159,0.50729,0.59467,0.44062,-0.50532,0.49898,0.55729,-0.35709,0.531,0.566,-0.21022,0.52956,0.57925,-0.070536,0.55704,0.59509,0.072939,0.55005,0.59178,0.20964,0.5138,0.56497,0.35703,0.52452,0.56314,0.50765,0.50996,0.56447,-0.51261,0.41515,0.66517,-0.35468,0.4218,0.67693,-0.21556,0.43282,0.67736,-0.066884,0.45364,0.69184,0.068222,0.44545,0.68833,0.2195,0.44393,0.68149,0.35636,0.41541,0.67433,0.5154,0.42844,0.67398,-0.5,0.32031,0.78073,-0.35666,0.36071,0.79166,-0.21099,0.38778,0.81839,-0.072138,0.40451,0.82713,0.074502,0.40893,0.82757,0.21411,0.40109,0.82533,0.35942,0.37515,0.79919,0.5,0.32031,0.78073
